20t_Date,8s_flag,4.2f_flowA,4.2f_flowB,3.1f_bkg,5.2f_coef,5.1f_benchT,5.1f_O3lampT,5.1f_intT,5.1f_lampSetting,6d_cellAInt,6d_cellBInt
21/02/2023,00:01:02 99999999 1.24 1.24 -99999.9 -99.90 28.8 0.0 53.6 -99.9 149887 144303
21/02/2023,00:06:02 99999999 1.13 1.09 -99999.9 -99.90 28.7 0.0 53.7 -99.9 149912 144320
21/02/2023,00:11:02 99999999 1.24 1.23 -99999.9 -99.90 28.7 0.0 53.5 -99.9 149872 144277
21/02/2023,00:16:02 99999999 1.15 1.10 -99999.9 -99.90 28.6 0.0 53.6 -99.9 149901 144297
21/02/2023,00:21:02 99999999 1.17 1.12 -99999.9 -99.90 28.6 0.0 53.6 -99.9 149858 144250
21/02/2023,00:26:02 99999999 1.23 1.24 -99999.9 -99.90 28.6 0.0 53.5 -99.9 149866 144251
21/02/2023,00:31:02 99999999 1.20 1.14 -99999.9 -99.90 28.5 0.0 53.6 -99.9 149870 144249
21/02/2023,00:36:02 99999999 1.13 1.12 -99999.9 -99.90 28.5 0.0 53.6 -99.9 149846 144220
21/02/2023,00:41:02 99999999 1.24 1.22 -99999.9 -99.90 28.5 0.0 53.7 -99.9 149850 144221
21/02/2023,00:46:02 99999999 1.24 1.22 -99999.9 -99.90 28.5 0.0 53.6 -99.9 149873 144238
21/02/2023,00:51:02 99999999 1.24 1.22 -99999.9 -99.90 28.5 0.0 53.6 -99.9 149871 144229
21/02/2023,00:56:02 99999999 1.21 1.23 -99999.9 -99.90 28.4 0.0 53.6 -99.9 149843 144194
21/02/2023,01:01:02 99999999 1.24 1.23 -99999.9 -99.90 28.4 0.0 53.6 -99.9 149858 144205
21/02/2023,01:06:02 99999999 1.24 1.24 -99999.9 -99.90 28.4 0.0 53.6 -99.9 149847 144183
21/02/2023,01:11:02 99999999 1.13 1.10 -99999.9 -99.90 28.4 0.0 53.7 -99.9 149840 144176
21/02/2023,01:16:02 99999999 1.21 1.15 -99999.9 -99.90 28.4 0.0 53.6 -99.9 149827 144156
21/02/2023,01:21:02 99999999 1.20 1.14 -99999.9 -99.90 28.4 0.0 53.6 -99.9 149840 144163
21/02/2023,01:26:02 99999999 1.21 1.17 -99999.9 -99.90 28.3 0.0 53.6 -99.9 149821 144141
21/02/2023,01:31:02 99999999 1.21 1.15 -99999.9 -99.90 28.3 0.0 53.6 -99.9 149808 144119
21/02/2023,01:36:02 99999999 1.14 1.09 -99999.9 -99.90 28.3 0.0 53.6 -99.9 149843 144151
21/02/2023,01:41:02 99999999 1.21 1.21 -99999.9 -99.90 28.3 0.0 53.6 -99.9 149831 144138
21/02/2023,01:46:02 99999999 1.23 1.23 -99999.9 -99.90 28.3 0.0 53.6 -99.9 149829 144130
21/02/2023,01:51:02 99999999 1.24 1.23 -99999.9 -99.90 28.2 0.0 53.6 -99.9 149843 144137
21/02/2023,01:56:02 99999999 1.20 1.14 -99999.9 -99.90 28.2 0.0 53.6 -99.9 149836 144128
21/02/2023,02:01:02 99999999 1.12 1.10 -99999.9 -99.90 28.2 0.0 53.6 -99.9 149823 144111
21/02/2023,02:06:02 99999999 1.24 1.23 -99999.9 -99.90 28.2 0.0 53.7 -99.9 149809 144096
21/02/2023,02:11:02 99999999 1.24 1.22 -99999.9 -99.90 28.2 0.0 53.6 -99.9 149824 144106
21/02/2023,02:16:02 99999999 1.13 1.11 -99999.9 -99.90 28.2 0.0 53.6 -99.9 149835 144111
21/02/2023,02:21:02 99999999 1.14 1.11 -99999.9 -99.90 28.1 0.0 53.5 -99.9 149801 144075
21/02/2023,02:26:02 99999999 1.22 1.18 -99999.9 -99.90 28.1 0.0 53.5 -99.9 149836 144104
21/02/2023,02:31:02 99999999 1.15 1.15 -99999.9 -99.90 28.1 0.0 53.6 -99.9 149819 144085
21/02/2023,02:36:02 99999999 1.24 1.23 -99999.9 -99.90 28.1 0.0 53.6 -99.9 149801 144062
21/02/2023,02:41:02 99999999 1.19 1.14 -99999.9 -99.90 28.1 0.0 53.6 -99.9 149793 144051
21/02/2023,02:46:02 99999999 1.18 1.12 -99999.9 -99.90 28.1 0.0 53.7 -99.9 149833 144084
21/02/2023,02:51:02 99999999 1.24 1.24 -99999.9 -99.90 28.0 0.0 53.5 -99.9 149801 144048
21/02/2023,02:56:02 99999999 1.24 1.20 -99999.9 -99.90 28.0 0.0 53.5 -99.9 149792 144034
21/02/2023,03:01:02 99999999 1.23 1.23 -99999.9 -99.90 28.0 0.0 53.7 -99.9 149789 144026
21/02/2023,03:06:02 99999999 1.24 1.23 -99999.9 -99.90 28.0 0.0 53.7 -99.9 149773 144005
21/02/2023,03:11:02 99999999 1.19 1.19 -99999.9 -99.90 27.9 0.0 53.6 -99.9 149782 144008
21/02/2023,03:16:02 99999999 1.22 1.17 -99999.9 -99.90 27.9 0.0 53.8 -99.9 149800 144022
21/02/2023,03:21:02 99999999 1.24 1.22 -99999.9 -99.90 27.9 0.0 53.7 -99.9 149786 144004
21/02/2023,03:26:02 99999999 1.19 1.18 -99999.9 -99.90 27.9 0.0 53.5 -99.9 149783 143998
21/02/2023,03:31:02 99999999 1.24 1.23 -99999.9 -99.90 27.9 0.0 53.5 -99.9 149800 144008
21/02/2023,03:36:02 99999999 1.24 1.23 -99999.9 -99.90 27.9 0.0 53.8 -99.9 149800 144005
21/02/2023,03:41:02 99999999 1.24 1.22 -99999.9 -99.90 27.9 0.0 53.7 -99.9 149801 143999
21/02/2023,03:46:02 99999999 1.23 1.20 -99999.9 -99.90 27.9 0.0 53.7 -99.9 149763 143960
21/02/2023,03:51:02 99999999 1.19 1.13 -99999.9 -99.90 27.8 0.0 53.7 -99.9 149805 143993
21/02/2023,03:56:02 99999999 1.14 1.14 -99999.9 -99.90 27.8 0.0 53.6 -99.9 149758 143945
21/02/2023,04:01:02 99999999 1.23 1.22 -99999.9 -99.90 27.8 0.0 53.8 -99.9 149766 143948
21/02/2023,04:06:02 99999999 1.23 1.22 -99999.9 -99.90 27.8 0.0 53.8 -99.9 149785 143964
21/02/2023,04:11:02 99999999 1.24 1.23 -99999.9 -99.90 27.8 0.0 53.7 -99.9 149763 143939
21/02/2023,04:16:02 99999999 1.24 1.22 -99999.9 -99.90 27.8 0.0 53.6 -99.9 149773 143943
21/02/2023,04:21:02 99999999 1.24 1.23 -99999.9 -99.90 27.8 0.0 53.5 -99.9 149793 143958
21/02/2023,04:26:02 99999999 1.24 1.22 -99999.9 -99.90 27.8 0.0 53.4 -99.9 149771 143935
21/02/2023,04:31:02 99999999 1.24 1.23 -99999.9 -99.90 27.8 0.0 53.8 -99.9 149776 143934
21/02/2023,04:36:02 99999999 1.21 1.16 -99999.9 -99.90 27.8 0.0 53.5 -99.9 149790 143943
21/02/2023,04:41:02 99999999 1.17 1.11 -99999.9 -99.90 27.8 0.0 53.6 -99.9 149788 143939
21/02/2023,04:46:02 99999999 1.24 1.23 -99999.9 -99.90 27.8 0.0 53.6 -99.9 149775 143924
21/02/2023,04:51:02 99999999 1.14 1.10 -99999.9 -99.90 27.8 0.0 53.5 -99.9 149777 143925
21/02/2023,04:56:02 99999999 1.19 1.19 -99999.9 -99.90 27.8 0.0 53.4 -99.9 149801 143945
21/02/2023,05:01:02 99999999 1.23 1.22 -99999.9 -99.90 27.8 0.0 53.5 -99.9 149777 143913
21/02/2023,05:06:02 99999999 1.23 1.22 -99999.9 -99.90 27.8 0.0 53.6 -99.9 149761 143896
21/02/2023,05:11:02 99999999 1.24 1.23 -99999.9 -99.90 27.8 0.0 53.4 -99.9 149750 143883
21/02/2023,05:16:02 99999999 1.14 1.10 -99999.9 -99.90 27.8 0.0 53.5 -99.9 149754 143884
21/02/2023,05:21:02 99999999 1.24 1.23 -99999.9 -99.90 27.8 0.0 53.5 -99.9 149783 143909
21/02/2023,05:26:02 99999999 1.13 1.08 -99999.9 -99.90 27.8 0.0 53.8 -99.9 149760 143882
21/02/2023,05:31:02 99999999 1.22 1.19 -99999.9 -99.90 27.8 0.0 53.7 -99.9 149780 143898
21/02/2023,05:36:02 99999999 1.16 1.15 -99999.9 -99.90 27.8 0.0 53.8 -99.9 149755 143867
21/02/2023,05:41:02 99999999 1.21 1.16 -99999.9 -99.90 27.8 0.0 53.8 -99.9 149765 143870
21/02/2023,05:46:02 99999999 1.20 1.22 -99999.9 -99.90 27.7 0.0 53.4 -99.9 149749 143851
21/02/2023,05:51:02 99999999 1.15 1.11 -99999.9 -99.90 27.7 0.0 53.4 -99.9 149779 143875
21/02/2023,05:56:02 99999999 1.20 1.15 -99999.9 -99.90 27.7 0.0 53.7 -99.9 149777 143869
21/02/2023,06:01:02 99999999 1.14 1.11 -99999.9 -99.90 27.7 0.0 53.4 -99.9 149747 143838
21/02/2023,06:06:02 99999999 1.24 1.22 -99999.9 -99.90 27.7 0.0 53.8 -99.9 149753 143837
21/02/2023,06:11:02 99999999 1.25 1.23 -99999.9 -99.90 27.7 0.0 53.6 -99.9 149731 143809
21/02/2023,06:16:02 99999999 1.24 1.23 -99999.9 -99.90 27.7 0.0 53.4 -99.9 149748 143819
21/02/2023,06:21:02 99999999 1.16 1.16 -99999.9 -99.90 27.7 0.0 53.7 -99.9 149734 143801
21/02/2023,06:26:02 99999999 1.24 1.22 -99999.9 -99.90 27.7 0.0 53.7 -99.9 149742 143805
21/02/2023,06:31:02 99999999 1.13 1.12 -99999.9 -99.90 27.7 0.0 53.7 -99.9 149732 143785
21/02/2023,06:36:02 99999999 1.14 1.13 -99999.9 -99.90 27.7 0.0 53.6 -99.9 149725 143778
21/02/2023,06:41:02 99999999 1.13 1.09 -99999.9 -99.90 27.7 0.0 53.4 -99.9 149735 143783
21/02/2023,06:46:02 99999999 1.24 1.23 -99999.9 -99.90 27.7 0.0 53.8 -99.9 149701 143745
21/02/2023,06:51:02 99999999 1.24 1.22 -99999.9 -99.90 27.7 0.0 53.4 -99.9 149704 143741
21/02/2023,06:56:02 99999999 1.19 1.13 -99999.9 -99.90 27.7 0.0 53.5 -99.9 149699 143733
21/02/2023,07:01:02 99999999 1.14 1.10 -99999.9 -99.90 27.7 0.0 53.8 -99.9 149703 143730
21/02/2023,07:06:02 99999999 1.15 1.11 -99999.9 -99.90 27.7 0.0 53.7 -99.9 149701 143725
21/02/2023,07:11:02 99999999 1.23 1.23 -99999.9 -99.90 27.7 0.0 53.8 -99.9 149706 143723
21/02/2023,07:16:02 99999999 1.22 1.23 -99999.9 -99.90 27.7 0.0 53.8 -99.9 149682 143697
21/02/2023,07:21:02 99999999 1.22 1.19 -99999.9 -99.90 27.7 0.0 53.4 -99.9 149689 143698
21/02/2023,07:26:02 99999999 1.23 1.22 -99999.9 -99.90 27.6 0.0 53.8 -99.9 149666 143670
21/02/2023,07:31:02 99999999 1.23 1.22 -99999.9 -99.90 27.6 0.0 53.5 -99.9 149685 143681
21/02/2023,07:36:02 99999999 1.23 1.23 -99999.9 -99.90 27.6 0.0 53.4 -99.9 149675 143666
21/02/2023,07:41:02 99999999 1.24 1.22 -99999.9 -99.90 27.6 0.0 53.4 -99.9 149658 143643
21/02/2023,07:46:02 99999999 1.23 1.23 -99999.9 -99.90 27.6 0.0 53.4 -99.9 149666 143647
21/02/2023,07:51:02 99999999 1.24 1.22 -99999.9 -99.90 27.6 0.0 53.5 -99.9 149656 143630
21/02/2023,07:56:02 99999999 1.23 1.23 -99999.9 -99.90 27.6 0.0 53.7 -99.9 149647 143616
21/02/2023,08:01:02 99999999 1.24 1.22 -99999.9 -99.90 27.6 0.0 53.4 -99.9 149663 143627
21/02/2023,08:06:02 99999999 1.16 1.15 -99999.9 -99.90 27.6 0.0 53.8 -99.9 149651 143608
21/02/2023,08:11:02 99999999 1.24 1.23 -99999.9 -99.90 27.6 0.0 53.4 -99.9 149643 143597
21/02/2023,08:16:02 99999999 1.23 1.20 -99999.9 -99.90 27.6 0.0 53.6 -99.9 149634 143583
21/02/2023,08:21:02 99999999 1.24 1.23 -99999.9 -99.90 27.6 0.0 53.6 -99.9 149633 143576
21/02/2023,08:26:02 99999999 1.14 1.12 -99999.9 -99.90 27.6 0.0 53.4 -99.9 149661 143598
21/02/2023,08:31:02 99999999 1.15 1.15 -99999.9 -99.90 27.6 0.0 53.7 -99.9 149650 143582
21/02/2023,08:36:02 99999999 1.17 1.12 -99999.9 -99.90 27.7 0.0 53.4 -99.9 149607 143537
21/02/2023,08:41:02 99999999 1.15 1.14 -99999.9 -99.90 27.7 0.0 53.4 -99.9 149618 143542
21/02/2023,08:46:02 99999999 1.23 1.23 -99999.9 -99.90 27.7 0.0 53.6 -99.9 149607 143526
21/02/2023,08:51:02 99999999 1.24 1.23 -99999.9 -99.90 27.7 0.0 53.7 -99.9 149603 143518
21/02/2023,08:56:02 99999999 1.24 1.22 -99999.9 -99.90 27.7 0.0 53.4 -99.9 149645 143555
21/02/2023,09:01:02 99999999 1.24 1.23 -99999.9 -99.90 27.7 0.0 53.5 -99.9 149590 143496
21/02/2023,09:06:02 99999999 1.25 1.23 -99999.9 -99.90 27.7 0.0 53.6 -99.9 149596 143497
21/02/2023,09:11:02 99999999 1.24 1.21 -99999.9 -99.90 27.7 0.0 53.6 -99.9 149611 143506
21/02/2023,09:16:02 99999999 1.24 1.22 -99999.9 -99.90 27.8 0.0 53.6 -99.9 149578 143471
21/02/2023,09:21:02 99999999 1.22 1.18 -99999.9 -99.90 27.8 0.0 53.5 -99.9 149593 143482
21/02/2023,09:26:02 99999999 1.14 1.14 -99999.9 -99.90 27.8 0.0 53.7 -99.9 149574 143459
21/02/2023,09:31:02 99999999 1.23 1.23 -99999.9 -99.90 27.8 0.0 53.7 -99.9 149564 143446
21/02/2023,09:36:02 99999999 1.24 1.21 -99999.9 -99.90 27.9 0.0 53.6 -99.9 149569 143445
21/02/2023,09:41:02 99999999 1.23 1.23 -99999.9 -99.90 27.9 0.0 53.7 -99.9 149581 143454
21/02/2023,09:46:02 99999999 1.14 1.10 -99999.9 -99.90 27.9 0.0 53.6 -99.9 149564 143436
21/02/2023,09:51:02 99999999 1.22 1.23 -99999.9 -99.90 27.9 0.0 53.6 -99.9 149573 143440
21/02/2023,09:56:02 99999999 1.23 1.22 -99999.9 -99.90 28.0 0.0 53.6 -99.9 149559 143424
21/02/2023,10:01:02 99999999 1.16 1.16 -99999.9 -99.90 28.0 0.0 53.6 -99.9 149553 143414
21/02/2023,10:06:02 99999999 1.15 1.15 -99999.9 -99.90 28.0 0.0 53.6 -99.9 149539 143395
21/02/2023,10:11:02 99999999 1.13 1.12 -99999.9 -99.90 28.0 0.0 53.6 -99.9 149549 143402
21/02/2023,10:16:02 99999999 1.13 1.09 -99999.9 -99.90 28.1 0.0 53.6 -99.9 149544 143393
21/02/2023,10:21:02 99999999 1.14 1.10 -99999.9 -99.90 28.1 0.0 53.6 -99.9 149534 143378
21/02/2023,10:26:02 99999999 1.24 1.22 -99999.9 -99.90 28.1 0.0 53.6 -99.9 149556 143395
21/02/2023,10:31:02 99999999 1.23 1.23 -99999.9 -99.90 28.1 0.0 53.5 -99.9 149546 143381
21/02/2023,10:36:02 99999999 1.25 1.22 -99999.9 -99.90 28.2 0.0 53.6 -99.9 149532 143364
21/02/2023,10:41:02 99999999 1.23 1.23 -99999.9 -99.90 28.2 0.0 53.6 -99.9 149525 143349
21/02/2023,10:46:02 99999999 1.24 1.23 -99999.9 -99.90 28.2 0.0 53.6 -99.9 149540 143358
21/02/2023,10:51:02 99999999 1.23 1.23 -99999.9 -99.90 28.3 0.0 53.5 -99.9 149516 143333
21/02/2023,10:56:02 99999999 1.23 1.22 -99999.9 -99.90 28.4 0.0 53.6 -99.9 149516 143328
21/02/2023,11:01:02 99999999 1.23 1.23 -99999.9 -99.90 28.5 0.0 53.6 -99.9 149519 143327
21/02/2023,11:06:02 99999999 1.14 1.10 -99999.9 -99.90 28.6 0.0 53.6 -99.9 149516 143320
21/02/2023,11:11:02 99999999 1.20 1.19 -99999.9 -99.90 28.6 0.0 53.6 -99.9 149517 143320
21/02/2023,11:16:02 99999999 1.24 1.23 -99999.9 -99.90 28.8 0.0 53.6 -99.9 149504 143303
21/02/2023,11:21:02 99999999 1.24 1.22 -99999.9 -99.90 28.8 0.0 53.6 -99.9 149508 143302
21/02/2023,11:26:02 99999999 1.23 1.23 -99999.9 -99.90 28.9 0.0 53.6 -99.9 149502 143294
21/02/2023,11:31:02 99999999 1.24 1.22 -99999.9 -99.90 29.0 0.0 53.6 -99.9 149467 143253
21/02/2023,11:36:02 99999999 1.24 1.22 -99999.9 -99.90 29.1 0.0 53.6 -99.9 149493 143272
21/02/2023,11:41:02 99999999 1.24 1.22 -99999.9 -99.90 29.1 0.0 53.6 -99.9 149482 143256
21/02/2023,11:46:02 99999999 1.24 1.23 -99999.9 -99.90 29.2 0.0 53.6 -99.9 149472 143240
21/02/2023,11:51:02 99999999 1.16 1.15 -99999.9 -99.90 29.3 0.0 53.6 -99.9 149445 143208
21/02/2023,11:56:02 99999999 1.24 1.22 -99999.9 -99.90 29.4 0.0 53.6 -99.9 149463 143220
21/02/2023,12:01:02 99999999 1.23 1.23 -99999.9 -99.90 29.5 0.0 53.6 -99.9 149451 143202
21/02/2023,12:06:02 99999999 1.24 1.23 -99999.9 -99.90 29.6 0.0 53.6 -99.9 149435 143181
21/02/2023,12:11:02 99999999 1.24 1.23 -99999.9 -99.90 29.7 0.0 53.7 -99.9 149414 143158
21/02/2023,12:16:02 99999999 1.18 1.12 -99999.9 -99.90 29.8 0.0 53.6 -99.9 149412 143151
21/02/2023,12:21:02 99999999 1.24 1.22 -99999.9 -99.90 29.9 0.0 53.6 -99.9 149407 143142
21/02/2023,12:26:02 99999999 1.13 1.09 -99999.9 -99.90 30.0 0.0 53.7 -99.9 149385 143118
21/02/2023,12:31:02 99999999 1.23 1.20 -99999.9 -99.90 30.0 0.0 53.6 -99.9 149372 143100
21/02/2023,12:36:02 99999999 1.24 1.23 -99999.9 -99.90 30.1 0.0 53.6 -99.9 149362 143084
21/02/2023,12:41:02 99999999 1.23 1.23 -99999.9 -99.90 30.2 0.0 53.6 -99.9 149359 143079
21/02/2023,12:46:02 99999999 1.23 1.23 -99999.9 -99.90 30.3 0.0 53.7 -99.9 149341 143056
21/02/2023,12:51:02 99999999 1.24 1.23 -99999.9 -99.90 30.4 0.0 53.6 -99.9 149326 143038
21/02/2023,12:56:02 99999999 1.20 1.13 -99999.9 -99.90 30.4 0.0 53.6 -99.9 149340 143046
21/02/2023,13:01:02 99999999 1.16 1.12 -99999.9 -99.90 30.5 0.0 53.6 -99.9 149313 143015
21/02/2023,13:06:02 99999999 1.23 1.23 -99999.9 -99.90 30.5 0.0 53.7 -99.9 149275 142974
21/02/2023,13:11:02 99999999 1.24 1.21 -99999.9 -99.90 30.6 0.0 53.7 -99.9 149282 142977
21/02/2023,13:16:02 99999999 1.24 1.23 -99999.9 -99.90 30.6 0.0 53.7 -99.9 149265 142957
21/02/2023,13:21:02 99999999 1.24 1.23 -99999.9 -99.90 30.7 0.0 53.7 -99.9 149272 142961
21/02/2023,13:26:02 99999999 1.14 1.10 -99999.9 -99.90 30.7 0.0 53.7 -99.9 149252 142938
21/02/2023,13:31:02 99999999 1.24 1.23 -99999.9 -99.90 30.7 0.0 53.6 -99.9 149262 142941
21/02/2023,13:36:02 99999999 1.24 1.23 -99999.9 -99.90 30.7 0.0 53.7 -99.9 149261 142937
21/02/2023,13:41:02 99999999 1.24 1.23 -99999.9 -99.90 30.8 0.0 53.6 -99.9 149230 142905
21/02/2023,13:46:02 99999999 1.24 1.23 -99999.9 -99.90 30.8 0.0 53.7 -99.9 149221 142894
21/02/2023,13:51:02 99999999 1.23 1.23 -99999.9 -99.90 30.8 0.0 53.7 -99.9 149241 142910
21/02/2023,13:56:02 99999999 1.14 1.13 -99999.9 -99.90 30.8 0.0 53.6 -99.9 149198 142868
21/02/2023,14:01:02 99999999 1.23 1.23 -99999.9 -99.90 30.8 0.0 53.7 -99.9 149200 142867
21/02/2023,14:06:02 99999999 1.23 1.22 -99999.9 -99.90 30.8 0.0 53.6 -99.9 149196 142862
21/02/2023,14:11:02 99999999 1.23 1.23 -99999.9 -99.90 30.8 0.0 53.6 -99.9 149190 142853
21/02/2023,14:16:02 99999999 1.24 1.24 -99999.9 -99.90 30.8 0.0 53.6 -99.9 149176 142836
21/02/2023,14:21:02 99999999 1.23 1.23 -99999.9 -99.90 30.8 0.0 53.7 -99.9 149186 142846
21/02/2023,14:26:02 99999999 1.18 1.17 -99999.9 -99.90 30.8 0.0 53.6 -99.9 149175 142831
21/02/2023,14:31:02 99999999 1.24 1.23 -99999.9 -99.90 30.8 0.0 53.7 -99.9 149166 142819
21/02/2023,14:36:02 99999999 1.15 1.10 -99999.9 -99.90 30.8 0.0 53.7 -99.9 149181 142832
21/02/2023,14:41:02 99999999 1.24 1.24 -99999.9 -99.90 30.8 0.0 53.7 -99.9 149168 142816
21/02/2023,14:46:02 99999999 1.24 1.24 -99999.9 -99.90 30.7 0.0 53.6 -99.9 149166 142815
21/02/2023,14:51:02 99999999 1.24 1.23 -99999.9 -99.90 30.7 0.0 53.6 -99.9 149147 142793
21/02/2023,14:56:02 99999999 1.24 1.22 -99999.9 -99.90 30.7 0.0 53.7 -99.9 149159 142801
21/02/2023,15:01:02 99999999 1.24 1.23 -99999.9 -99.90 30.7 0.0 53.6 -99.9 149148 142789
21/02/2023,15:06:02 99999999 1.23 1.23 -99999.9 -99.90 30.7 0.0 53.7 -99.9 149137 142779
21/02/2023,15:11:02 99999999 1.15 1.11 -99999.9 -99.90 30.6 0.0 53.6 -99.9 149120 142760
21/02/2023,15:16:02 99999999 1.18 1.17 -99999.9 -99.90 30.6 0.0 53.6 -99.9 149147 142786
21/02/2023,15:21:02 99999999 1.24 1.23 -99999.9 -99.90 30.6 0.0 53.6 -99.9 149123 142759
21/02/2023,15:26:02 99999999 1.24 1.23 -99999.9 -99.90 30.6 0.0 53.6 -99.9 149119 142753
21/02/2023,15:31:02 99999999 1.25 1.23 -99999.9 -99.90 30.5 0.0 53.7 -99.9 149105 142739
21/02/2023,15:36:02 99999999 1.15 1.10 -99999.9 -99.90 30.5 0.0 53.7 -99.9 149098 142730
21/02/2023,15:41:02 99999999 1.19 1.13 -99999.9 -99.90 30.5 0.0 53.6 -99.9 149109 142740
21/02/2023,15:46:02 99999999 1.24 1.23 -99999.9 -99.90 30.5 0.0 53.6 -99.9 149102 142733
21/02/2023,15:51:02 99999999 1.25 1.23 -99999.9 -99.90 30.4 0.0 53.6 -99.9 149104 142732
21/02/2023,15:56:02 99999999 1.13 1.13 -99999.9 -99.90 30.4 0.0 53.7 -99.9 149090 142718
21/02/2023,16:01:02 99999999 1.17 1.17 -99999.9 -99.90 30.4 0.0 53.6 -99.9 149076 142704
21/02/2023,16:06:02 99999999 1.23 1.22 -99999.9 -99.90 30.4 0.0 53.6 -99.9 149097 142722
21/02/2023,16:11:02 99999999 1.21 1.17 -99999.9 -99.90 30.3 0.0 53.6 -99.9 149082 142707
21/02/2023,16:16:02 99999999 1.24 1.20 -99999.9 -99.90 30.3 0.0 53.7 -99.9 149099 142722
21/02/2023,16:21:02 99999999 1.14 1.09 -99999.9 -99.90 30.2 0.0 53.6 -99.9 149087 142709
21/02/2023,16:26:02 99999999 1.20 1.13 -99999.9 -99.90 30.2 0.0 53.6 -99.9 149087 142707
21/02/2023,16:31:02 99999999 1.13 1.08 -99999.9 -99.90 30.2 0.0 53.7 -99.9 149068 142689
21/02/2023,16:36:02 99999999 1.24 1.22 -99999.9 -99.90 30.1 0.0 53.6 -99.9 149067 142683
21/02/2023,16:41:02 99999999 1.24 1.24 -99999.9 -99.90 30.1 0.0 53.6 -99.9 149070 142684
21/02/2023,16:46:02 99999999 1.14 1.13 -99999.9 -99.90 30.0 0.0 53.6 -99.9 149067 142677
21/02/2023,16:51:02 99999999 1.24 1.23 -99999.9 -99.90 30.0 0.0 53.6 -99.9 149066 142675
21/02/2023,16:56:02 99999999 1.21 1.17 -99999.9 -99.90 30.0 0.0 53.7 -99.9 149065 142667
21/02/2023,17:01:02 99999999 1.24 1.22 -99999.9 -99.90 29.9 0.0 53.6 -99.9 149113 142715
21/02/2023,17:06:02 99999999 1.22 1.17 -99999.9 -99.90 29.9 0.0 53.6 -99.9 149106 142706
21/02/2023,17:11:02 99999999 1.24 1.23 -99999.9 -99.90 29.8 0.0 53.6 -99.9 149062 142658
21/02/2023,17:16:02 99999999 1.24 1.23 -99999.9 -99.90 29.8 0.0 53.6 -99.9 149081 142675
21/02/2023,17:21:02 99999999 1.24 1.23 -99999.9 -99.90 29.7 0.0 53.5 -99.9 149093 142683
21/02/2023,17:26:02 99999999 1.14 1.14 -99999.9 -99.90 29.6 0.0 53.6 -99.9 149068 142657
21/02/2023,17:31:02 99999999 1.24 1.23 -99999.9 -99.90 29.6 0.0 53.7 -99.9 149093 142678
21/02/2023,17:36:02 99999999 1.23 1.23 -99999.9 -99.90 29.5 0.0 53.6 -99.9 149058 142643
21/02/2023,17:41:02 99999999 1.23 1.22 -99999.9 -99.90 29.5 0.0 53.6 -99.9 149086 142669
21/02/2023,17:46:02 99999999 1.13 1.09 -99999.9 -99.90 29.4 0.0 53.7 -99.9 149096 142675
21/02/2023,17:51:02 99999999 1.16 1.11 -99999.9 -99.90 29.4 0.0 53.7 -99.9 149077 142655
21/02/2023,17:56:02 99999999 1.19 1.13 -99999.9 -99.90 29.3 0.0 53.7 -99.9 149099 142674
21/02/2023,18:01:02 99999999 1.21 1.17 -99999.9 -99.90 29.3 0.0 53.6 -99.9 149081 142651
21/02/2023,18:06:02 99999999 1.20 1.21 -99999.9 -99.90 29.2 0.0 53.7 -99.9 149105 142670
21/02/2023,18:11:02 99999999 1.14 1.09 -99999.9 -99.90 29.2 0.0 53.6 -99.9 149094 142658
21/02/2023,18:16:02 99999999 1.20 1.21 -99999.9 -99.90 29.1 0.0 53.6 -99.9 149080 142640
21/02/2023,18:21:02 99999999 1.22 1.18 -99999.9 -99.90 29.1 0.0 53.6 -99.9 149079 142635
21/02/2023,18:26:02 99999999 1.22 1.20 -99999.9 -99.90 29.0 0.0 53.6 -99.9 149075 142628
21/02/2023,18:31:02 99999999 1.24 1.22 -99999.9 -99.90 28.9 0.0 53.5 -99.9 149088 142636
21/02/2023,18:36:02 99999999 1.14 1.10 -99999.9 -99.90 28.9 0.0 53.6 -99.9 149090 142637
21/02/2023,18:41:02 99999999 1.24 1.23 -99999.9 -99.90 28.8 0.0 53.6 -99.9 149092 142638
21/02/2023,18:46:02 99999999 1.24 1.22 -99999.9 -99.90 28.8 0.0 53.6 -99.9 149105 142646
21/02/2023,18:51:02 99999999 1.23 1.23 -99999.9 -99.90 28.7 0.0 53.6 -99.9 149093 142628
21/02/2023,18:56:02 99999999 1.24 1.22 -99999.9 -99.90 28.7 0.0 53.7 -99.9 149085 142618
21/02/2023,19:01:02 99999999 1.25 1.23 -99999.9 -99.90 28.6 0.0 53.7 -99.9 149068 142600
21/02/2023,19:06:02 99999999 1.24 1.23 -99999.9 -99.90 28.6 0.0 53.6 -99.9 149080 142604
21/02/2023,19:11:02 99999999 1.23 1.23 -99999.9 -99.90 28.6 0.0 53.6 -99.9 149100 142624
21/02/2023,19:16:02 99999999 1.13 1.13 -99999.9 -99.90 28.5 0.0 53.7 -99.9 149085 142605
21/02/2023,19:21:02 99999999 1.14 1.14 -99999.9 -99.90 28.5 0.0 53.6 -99.9 149091 142610
21/02/2023,19:26:02 99999999 1.23 1.23 -99999.9 -99.90 28.5 0.0 53.6 -99.9 149083 142597
21/02/2023,19:31:02 99999999 1.23 1.22 -99999.9 -99.90 28.4 0.0 53.5 -99.9 149087 142599
21/02/2023,19:36:02 99999999 1.14 1.10 -99999.9 -99.90 28.4 0.0 53.6 -99.9 149085 142593
21/02/2023,19:41:02 99999999 1.23 1.23 -99999.9 -99.90 28.4 0.0 53.6 -99.9 149069 142575
21/02/2023,19:46:02 99999999 1.18 1.13 -99999.9 -99.90 28.3 0.0 53.6 -99.9 149061 142565
21/02/2023,19:51:02 99999999 1.23 1.23 -99999.9 -99.90 28.3 0.0 53.6 -99.9 149072 142570
21/02/2023,19:56:02 99999999 1.24 1.22 -99999.9 -99.90 28.3 0.0 53.6 -99.9 149064 142559
21/02/2023,20:01:02 99999999 1.13 1.09 -99999.9 -99.90 28.2 0.0 53.6 -99.9 149056 142548
21/02/2023,20:06:02 99999999 1.14 1.09 -99999.9 -99.90 28.2 0.0 53.6 -99.9 149066 142555
21/02/2023,20:11:02 99999999 1.24 1.21 -99999.9 -99.90 28.2 0.0 53.6 -99.9 149052 142539
21/02/2023,20:16:02 99999999 1.24 1.21 -99999.9 -99.90 28.2 0.0 53.6 -99.9 149053 142536
21/02/2023,20:21:02 99999999 1.24 1.21 -99999.9 -99.90 28.1 0.0 53.6 -99.9 149040 142520
21/02/2023,20:26:02 99999999 1.23 1.23 -99999.9 -99.90 28.1 0.0 53.6 -99.9 149056 142534
21/02/2023,20:31:02 99999999 1.18 1.12 -99999.9 -99.90 28.1 0.0 53.6 -99.9 149044 142519
21/02/2023,20:36:02 99999999 1.24 1.22 -99999.9 -99.90 28.0 0.0 53.5 -99.9 149045 142516
21/02/2023,20:41:02 99999999 1.23 1.22 -99999.9 -99.90 28.0 0.0 53.6 -99.9 149030 142497
21/02/2023,20:46:02 99999999 1.23 1.22 -99999.9 -99.90 28.0 0.0 53.7 -99.9 149024 142489
21/02/2023,20:51:02 99999999 1.23 1.23 -99999.9 -99.90 27.9 0.0 53.4 -99.9 149035 142499
21/02/2023,20:56:02 99999999 1.15 1.11 -99999.9 -99.90 27.9 0.0 53.5 -99.9 149056 142516
21/02/2023,21:01:02 99999999 1.14 1.10 -99999.9 -99.90 27.9 0.0 53.6 -99.9 149042 142500
21/02/2023,21:06:02 99999999 1.13 1.09 -99999.9 -99.90 27.9 0.0 53.5 -99.9 149009 142464
21/02/2023,21:11:02 99999999 1.24 1.21 -99999.9 -99.90 27.8 0.0 53.6 -99.9 149007 142459
21/02/2023,21:16:02 99999999 1.18 1.12 -99999.9 -99.90 27.8 0.0 53.6 -99.9 148989 142437
21/02/2023,21:21:02 99999999 1.14 1.10 -99999.9 -99.90 27.8 0.0 53.5 -99.9 149019 142462
21/02/2023,21:26:02 99999999 1.24 1.22 -99999.9 -99.90 27.8 0.0 53.8 -99.9 149004 142442
21/02/2023,21:31:02 99999999 1.21 1.16 -99999.9 -99.90 27.8 0.0 53.7 -99.9 149017 142453
21/02/2023,21:36:02 99999999 1.18 1.18 -99999.9 -99.90 27.7 0.0 53.5 -99.9 149009 142438
21/02/2023,21:41:02 99999999 1.23 1.23 -99999.9 -99.90 27.7 0.0 53.8 -99.9 148988 142417
21/02/2023,21:46:02 99999999 1.21 1.16 -99999.9 -99.90 27.7 0.0 53.4 -99.9 148992 142416
21/02/2023,21:51:02 99999999 1.23 1.23 -99999.9 -99.90 27.7 0.0 53.7 -99.9 148993 142411
21/02/2023,21:56:02 99999999 1.23 1.23 -99999.9 -99.90 27.7 0.0 53.7 -99.9 148994 142409
21/02/2023,22:01:02 99999999 1.23 1.23 -99999.9 -99.90 27.7 0.0 53.4 -99.9 149009 142420
21/02/2023,22:06:02 99999999 1.13 1.08 -99999.9 -99.90 27.7 0.0 53.5 -99.9 148986 142393
21/02/2023,22:11:02 99999999 1.24 1.23 -99999.9 -99.90 27.7 0.0 53.7 -99.9 148981 142382
21/02/2023,22:16:02 99999999 1.24 1.20 -99999.9 -99.90 27.7 0.0 53.5 -99.9 148990 142387
21/02/2023,22:21:02 99999999 1.21 1.17 -99999.9 -99.90 27.6 0.0 53.8 -99.9 148984 142376
21/02/2023,22:26:02 99999999 1.23 1.23 -99999.9 -99.90 27.6 0.0 53.6 -99.9 148980 142368
21/02/2023,22:31:02 99999999 1.24 1.23 -99999.9 -99.90 27.6 0.0 53.4 -99.9 148961 142346
21/02/2023,22:36:02 99999999 1.20 1.21 -99999.9 -99.90 27.6 0.0 53.5 -99.9 148975 142355
21/02/2023,22:41:02 99999999 1.23 1.23 -99999.9 -99.90 27.6 0.0 53.8 -99.9 148983 142361
21/02/2023,22:46:02 99999999 1.16 1.16 -99999.9 -99.90 27.6 0.0 53.8 -99.9 148962 142335
21/02/2023,22:51:02 99999999 1.23 1.21 -99999.9 -99.90 27.6 0.0 53.4 -99.9 148964 142333
21/02/2023,22:56:02 99999999 1.24 1.22 -99999.9 -99.90 27.6 0.0 53.7 -99.9 148984 142348
21/02/2023,23:01:02 99999999 1.13 1.12 -99999.9 -99.90 27.6 0.0 53.7 -99.9 148975 142336
21/02/2023,23:06:02 99999999 1.14 1.09 -99999.9 -99.90 27.5 0.0 53.5 -99.9 148940 142296
21/02/2023,23:11:02 99999999 1.24 1.23 -99999.9 -99.90 27.5 0.0 53.8 -99.9 148955 142308
21/02/2023,23:16:02 99999999 1.22 1.23 -99999.9 -99.90 27.5 0.0 53.7 -99.9 148964 142312
21/02/2023,23:21:02 99999999 1.24 1.23 -99999.9 -99.90 27.5 0.0 53.8 -99.9 148954 142295
21/02/2023,23:26:02 99999999 1.23 1.23 -99999.9 -99.90 27.5 0.0 53.4 -99.9 148954 142292
21/02/2023,23:31:02 99999999 1.24 1.24 -99999.9 -99.90 27.5 0.0 53.4 -99.9 148945 142276
21/02/2023,23:36:02 99999999 1.14 1.10 -99999.9 -99.90 27.5 0.0 53.8 -99.9 148947 142276
21/02/2023,23:41:02 99999999 1.23 1.23 -99999.9 -99.90 27.5 0.0 53.4 -99.9 148943 142269
21/02/2023,23:46:02 99999999 1.15 1.11 -99999.9 -99.90 27.5 0.0 53.8 -99.9 148946 142264
21/02/2023,23:51:02 99999999 1.22 1.18 -99999.9 -99.90 27.5 0.0 53.4 -99.9 148935 142248
21/02/2023,23:56:02 99999999 1.23 1.23 -99999.9 -99.90 27.4 0.0 53.7 -99.9 148944 142251
