20t_Date,8s_flag,6.4f_ratio,6.0f_agci,5.1f_intT,5.2f_flow,5d_bkg,5.2f_coef,6.1f_biasvoltage
18/08/2019,00:00:47 90040104 1.1234 198184 27.2 0.89 1992 0.68 -113.7
18/08/2019,00:10:46 90040104 1.1234 198194 27.1 0.90 1992 0.68 -113.7
18/08/2019,00:20:45 90050104 1.1237 198151 27.1 0.90 2003 0.68 -113.7
18/08/2019,00:30:44 90040104 1.1234 198129 27.0 0.90 2003 0.68 -113.7
18/08/2019,00:40:43 90040104 1.1234 198165 27.0 0.90 2003 0.68 -113.7
18/08/2019,00:50:42 90040104 1.1234 198161 27.1 0.89 2009 0.68 -113.7
18/08/2019,01:00:41 90040104 1.1234 198183 27.0 0.88 2009 0.68 -113.7
18/08/2019,01:10:40 90040104 1.1234 198169 26.9 0.88 2009 0.68 -113.7
18/08/2019,01:20:39 90040104 1.1234 198194 26.8 0.88 2009 0.68 -113.7
18/08/2019,01:30:38 90050104 1.1237 198172 26.8 0.87 2020 0.68 -113.7
18/08/2019,01:40:37 90040104 1.1234 198195 26.7 0.87 2020 0.68 -113.7
18/08/2019,01:50:36 90040104 1.1233 198162 26.6 0.87 2020 0.68 -113.7
18/08/2019,02:00:35 90040104 1.1233 198238 26.6 0.87 2027 0.68 -113.7
18/08/2019,02:10:34 90040104 1.1233 198180 26.7 0.87 2027 0.68 -113.7
18/08/2019,02:20:33 90040104 1.1233 198216 26.7 0.86 2027 0.68 -113.7
18/08/2019,02:30:32 90040104 1.1233 198235 26.6 0.87 2027 0.68 -113.7
18/08/2019,02:40:31 90040104 1.1233 198215 26.6 0.87 2032 0.68 -113.7
18/08/2019,02:50:30 90040104 1.1233 198252 26.6 0.88 2032 0.68 -113.7
18/08/2019,03:00:29 90040104 1.1233 198214 26.5 0.87 2032 0.68 -113.7
18/08/2019,03:10:28 90040104 1.1233 198241 26.4 0.88 2035 0.68 -113.7
18/08/2019,03:20:27 90040104 1.1233 198261 26.5 0.87 2035 0.68 -113.7
18/08/2019,03:30:26 90040104 1.1233 198239 26.4 0.87 2042 0.68 -113.7
18/08/2019,03:40:25 90040104 1.1233 198236 26.4 0.87 2042 0.68 -113.7
18/08/2019,03:50:24 90040104 1.1233 198278 26.4 0.87 2046 0.68 -113.7
18/08/2019,04:00:23 90040104 1.1233 198259 26.4 0.86 2046 0.68 -113.7
18/08/2019,04:10:22 90040104 1.1233 198263 26.4 0.87 2046 0.68 -113.7
18/08/2019,04:20:21 90040104 1.1233 198256 26.4 0.87 2047 0.68 -113.7
18/08/2019,04:30:20 90040104 1.1233 198225 26.3 0.87 2047 0.68 -113.7
18/08/2019,04:40:19 90040104 1.1233 198272 26.2 0.86 2052 0.68 -113.7
18/08/2019,04:50:18 90040104 1.1233 198251 26.3 0.86 2052 0.68 -113.7
18/08/2019,05:00:17 90040104 1.1233 198249 26.2 0.84 2055 0.68 -113.7
18/08/2019,05:10:16 90040104 1.1233 198233 26.2 0.84 2055 0.68 -113.7
18/08/2019,05:20:15 90050104 1.1236 198257 26.1 0.84 2059 0.68 -113.7
18/08/2019,05:30:14 90040104 1.1233 198278 26.3 0.84 2059 0.68 -113.7
18/08/2019,05:40:13 90040104 1.1233 198286 26.1 0.85 2059 0.68 -113.7
18/08/2019,05:50:12 90040104 1.1233 198278 26.1 0.86 2059 0.68 -113.7
18/08/2019,06:00:11 90040104 1.1232 198289 26.1 0.86 2059 0.68 -113.7
18/08/2019,06:10:10 90040104 1.1232 198274 26.4 0.85 2062 0.68 -113.7
18/08/2019,06:20:09 90040104 1.1232 198252 26.3 0.85 2062 0.68 -113.7
18/08/2019,06:30:08 90050104 1.1236 198271 26.3 0.85 2058 0.68 -113.7
18/08/2019,06:40:07 90040104 1.1232 198238 26.4 0.85 2058 0.68 -113.7
18/08/2019,06:50:06 90040104 1.1233 198232 26.5 0.84 2058 0.68 -113.7
18/08/2019,07:00:05 90040104 1.1233 198262 26.5 0.83 2053 0.68 -113.7
18/08/2019,07:10:04 90040104 1.1233 198245 26.5 0.83 2053 0.68 -113.7
18/08/2019,07:20:03 90040104 1.1233 198252 26.7 0.82 2047 0.68 -113.7
18/08/2019,07:30:02 90040104 1.1233 198201 26.7 0.82 2047 0.68 -113.7
18/08/2019,07:40:01 90040104 1.1233 198212 26.8 0.82 2038 0.68 -113.7
18/08/2019,07:50:00 90040104 1.1233 198178 26.8 0.82 2038 0.68 -113.7
18/08/2019,07:59:59 90040104 1.1233 198200 26.9 0.82 2038 0.68 -113.7
18/08/2019,08:09:58 90040104 1.1233 198221 26.8 0.81 2035 0.68 -113.7
18/08/2019,08:19:57 90040104 1.1233 198157 26.8 0.82 2035 0.68 -113.7
18/08/2019,08:29:56 90040104 1.1234 198195 26.9 0.83 2031 0.68 -113.7
18/08/2019,08:39:55 90040104 1.1233 198156 27.0 0.82 2031 0.68 -113.7
18/08/2019,08:49:54 90040104 1.1234 198197 27.0 0.83 2027 0.68 -113.7
18/08/2019,08:59:53 90040104 1.1234 198182 27.0 0.83 2027 0.68 -113.7
18/08/2019,09:09:52 90050104 1.1237 198202 27.0 0.83 2023 0.68 -113.7
18/08/2019,09:19:51 90040104 1.1234 198176 27.0 0.82 2023 0.68 -113.7
18/08/2019,09:29:50 90040104 1.1234 198134 27.1 0.82 2023 0.68 -113.7
18/08/2019,09:39:49 90040104 1.1234 198155 27.1 0.83 2019 0.68 -113.7
18/08/2019,09:49:48 90040104 1.1234 198161 27.1 0.85 2019 0.68 -113.7
18/08/2019,09:59:47 90040104 1.1234 198155 27.0 0.85 2017 0.68 -113.7
18/08/2019,10:09:46 90040104 1.1234 198175 27.2 0.84 2017 0.68 -113.7
18/08/2019,10:19:45 90050104 1.1237 198165 27.2 0.84 2015 0.68 -113.7
18/08/2019,10:29:44 90040104 1.1234 198114 27.2 0.87 2015 0.68 -113.7
18/08/2019,10:39:43 90040104 1.1234 198144 27.3 0.85 2015 0.68 -113.7
18/08/2019,10:49:42 90040104 1.1234 198178 27.3 0.86 2007 0.68 -113.7
18/08/2019,10:59:41 90040104 1.1234 198148 27.3 0.89 2007 0.68 -113.7
18/08/2019,11:09:40 90040104 1.1234 198160 27.4 0.89 2005 0.68 -113.7
18/08/2019,11:19:39 90040104 1.1234 198107 27.4 0.87 2005 0.68 -113.7
18/08/2019,11:29:38 90040104 1.1234 198163 27.5 0.90 1997 0.68 -113.7
18/08/2019,11:39:37 90040104 1.1234 198123 27.5 0.94 1997 0.68 -113.8
18/08/2019,11:49:36 90040104 1.1235 198114 27.6 0.92 1997 0.68 -113.8
18/08/2019,11:59:35 90040104 1.1235 198082 27.6 0.91 1994 0.68 -113.8
18/08/2019,12:09:34 90040104 1.1234 198067 27.6 0.95 1994 0.68 -113.8
18/08/2019,12:19:33 90040104 1.1235 198090 27.7 0.93 1988 0.68 -113.8
18/08/2019,12:29:32 90040104 1.1235 198111 27.7 0.93 1988 0.68 -113.8
18/08/2019,12:39:31 90040104 1.1235 198075 27.8 0.93 1982 0.68 -113.8
18/08/2019,12:49:30 90040104 1.1235 198076 27.9 0.93 1982 0.68 -113.8
18/08/2019,12:59:29 90050104 1.1238 198059 27.9 0.92 1976 0.68 -113.8
18/08/2019,13:09:28 90040104 1.1235 198057 27.9 0.91 1976 0.68 -113.8
18/08/2019,13:19:27 90040104 1.1235 198029 28.0 0.93 1976 0.68 -113.8
18/08/2019,13:29:26 90040104 1.1235 198092 28.0 0.93 1970 0.68 -113.8
18/08/2019,13:39:25 90040104 1.1235 198046 28.1 0.93 1970 0.68 -113.8
18/08/2019,13:49:24 90040104 1.1235 198042 28.1 0.93 1964 0.68 -113.8
18/08/2019,13:59:23 90040104 1.1235 198016 28.2 0.93 1964 0.68 -113.8
18/08/2019,14:09:22 90050104 1.1239 198045 28.2 0.93 1955 0.68 -113.8
18/08/2019,14:19:21 90040104 1.1236 198038 28.3 0.92 1955 0.68 -113.8
18/08/2019,14:29:20 90040104 1.1236 198020 28.3 0.91 1955 0.68 -113.8
18/08/2019,14:39:19 90040104 1.1236 198062 28.4 0.90 1951 0.68 -113.8
18/08/2019,14:49:18 90040104 1.1236 198008 28.4 0.87 1951 0.68 -113.8
18/08/2019,14:59:17 90040104 1.1236 197989 28.5 0.87 1944 0.68 -113.8
18/08/2019,15:09:16 90040104 1.1237 197996 28.5 0.86 1944 0.68 -113.8
18/08/2019,15:19:15 90050104 1.1240 197979 28.5 0.85 1934 0.68 -113.8
18/08/2019,15:29:14 90040104 1.1237 198004 28.6 0.84 1934 0.68 -113.8
18/08/2019,15:39:13 90040104 1.1237 197964 28.6 0.84 1934 0.68 -113.8
18/08/2019,15:49:12 90040104 1.1237 197981 28.6 0.84 1929 0.68 -113.8
18/08/2019,15:59:11 90040104 1.1237 198006 28.6 0.82 1929 0.68 -113.8
18/08/2019,16:09:10 90040104 1.1237 197997 28.7 0.82 1926 0.68 -113.8
18/08/2019,16:19:09 90040104 1.1237 197969 28.6 0.83 1926 0.68 -113.8
18/08/2019,16:29:08 90040104 1.1237 198012 28.6 0.83 1922 0.68 -113.8
18/08/2019,16:39:07 90040104 1.1237 198001 28.6 0.83 1922 0.68 -113.8
18/08/2019,16:49:06 90040104 1.1237 197985 28.6 0.86 1922 0.68 -113.8
18/08/2019,16:59:05 90040104 1.1237 197988 28.7 0.86 1922 0.68 -113.8
18/08/2019,17:09:04 90040104 1.1237 197975 28.7 0.86 1922 0.68 -113.8
18/08/2019,17:19:03 90040104 1.1237 197966 28.7 0.86 1919 0.68 -113.8
18/08/2019,17:29:02 90040104 1.1237 197962 28.6 0.87 1919 0.68 -113.8
18/08/2019,17:39:01 90040104 1.1237 197973 28.7 0.87 1919 0.68 -113.8
18/08/2019,17:49:00 90040104 1.1237 198020 28.7 0.88 1919 0.68 -113.8
18/08/2019,17:58:59 90050104 1.1240 197984 28.6 0.89 1919 0.68 -113.8
18/08/2019,18:08:58 90040104 1.1237 197976 28.7 0.89 1919 0.68 -113.8
18/08/2019,18:18:57 90040104 1.1237 197979 28.6 0.90 1919 0.68 -113.8
18/08/2019,18:28:56 90040104 1.1237 198035 28.6 0.90 1921 0.68 -113.8
18/08/2019,18:38:55 90040104 1.1237 198004 28.5 0.90 1921 0.68 -113.8
18/08/2019,18:48:54 90040104 1.1237 198015 28.4 0.89 1924 0.68 -113.8
18/08/2019,18:58:53 90040104 1.1236 198029 28.3 0.91 1924 0.68 -113.8
18/08/2019,19:08:52 90050104 1.1240 198037 28.2 0.92 1933 0.68 -113.8
18/08/2019,19:18:51 90040104 1.1236 198036 28.3 0.91 1933 0.68 -113.8
18/08/2019,19:28:50 90040104 1.1236 198028 28.2 0.91 1933 0.68 -113.8
18/08/2019,19:38:49 90040104 1.1236 198067 28.2 0.91 1936 0.68 -113.8
18/08/2019,19:48:48 90040104 1.1236 198068 28.1 0.92 1936 0.68 -113.8
18/08/2019,19:58:47 90040104 1.1236 198015 28.1 0.92 1945 0.68 -113.8
18/08/2019,20:08:46 90040104 1.1236 198074 28.0 0.92 1945 0.68 -113.8
18/08/2019,20:18:45 90040104 1.1236 198106 27.9 0.93 1953 0.68 -113.8
18/08/2019,20:28:44 90040104 1.1236 198076 27.8 0.93 1953 0.68 -113.8
18/08/2019,20:38:43 90040104 1.1235 198100 27.8 0.93 1953 0.68 -113.8
18/08/2019,20:48:42 90040104 1.1235 198096 27.8 0.96 1959 0.68 -113.8
18/08/2019,20:58:41 90040104 1.1235 198104 27.8 0.97 1959 0.68 -113.8
18/08/2019,21:08:40 90040104 1.1235 198066 27.7 0.96 1964 0.68 -113.8
18/08/2019,21:18:39 90040104 1.1235 198042 27.7 0.97 1964 0.68 -113.8
18/08/2019,21:28:38 90040104 1.1235 198091 27.6 0.97 1966 0.68 -113.8
18/08/2019,21:38:37 90040104 1.1235 198088 27.6 0.96 1966 0.68 -113.8
18/08/2019,21:48:36 90050104 1.1239 198117 27.6 0.97 1972 0.68 -113.8
18/08/2019,21:58:35 90040104 1.1235 198142 27.5 0.98 1972 0.68 -113.8
18/08/2019,22:08:34 90040104 1.1235 198081 27.5 0.99 1972 0.68 -113.8
18/08/2019,22:18:33 90040104 1.1235 198078 27.6 0.98 1980 0.68 -113.8
18/08/2019,22:28:32 90040104 1.1235 198111 27.5 0.98 1980 0.68 -113.8
18/08/2019,22:38:31 90040104 1.1235 198099 27.5 0.97 1976 0.68 -113.8
18/08/2019,22:48:30 90040104 1.1235 198134 27.5 0.97 1976 0.68 -113.8
18/08/2019,22:58:29 90050104 1.1238 198115 27.4 0.96 1978 0.68 -113.7
18/08/2019,23:08:28 90040104 1.1235 198176 27.4 0.96 1978 0.68 -113.7
18/08/2019,23:18:27 90040104 1.1235 198181 27.4 0.97 1978 0.68 -113.7
18/08/2019,23:28:26 90040104 1.1235 198106 27.5 0.97 1985 0.68 -113.8
18/08/2019,23:38:25 90040104 1.1234 198114 27.5 0.98 1985 0.68 -113.7
18/08/2019,23:48:24 90040104 1.1234 198128 27.4 0.98 1988 0.68 -113.7
18/08/2019,23:58:23 90040104 1.1235 198114 27.4 0.98 1988 0.68 -113.8
