20t_Date,8s_flag,4.2f_flowA,4.2f_flowB,3.1f_bkg,5.2f_coef,5.1f_benchT,5.1f_O3lampT,5.1f_intT,5.1f_lampSetting,6d_cellAInt,6d_cellBInt
18/08/2019,00:01:00 0C100000 68.71 1.37 0.5 1.02 70995.0 53.9 35.4 50.0 0 95675
18/08/2019,00:05:59 0C100000 68.71 1.37 0.5 1.02 70995.0 53.9 35.4 50.0 0 95675
18/08/2019,00:10:58 0C100000 68.71 1.37 0.5 1.02 70995.0 53.9 35.4 50.0 0 95675
18/08/2019,00:15:57 0C100000 68.71 1.37 0.5 1.02 70995.0 53.9 35.4 50.0 0 95675
18/08/2019,00:20:56 0C100000 68.71 1.37 0.5 1.02 70995.0 53.9 35.4 50.0 0 95675
18/08/2019,00:25:55 0C100000 68.71 1.37 0.5 1.02 70995.0 53.9 35.4 50.0 0 95675
18/08/2019,00:30:54 0C100000 68.71 1.37 0.5 1.02 70995.0 53.9 35.4 50.0 0 95675
18/08/2019,00:35:53 0C100000 68.71 1.37 0.5 1.02 70995.0 53.9 35.4 50.0 0 95675
18/08/2019,00:40:52 0C100000 68.29 1.31 0.5 1.02 71014.0 53.9 35.2 50.0 0 95688
18/08/2019,00:45:51 0C100000 68.29 1.31 0.5 1.02 71014.0 53.9 35.2 50.0 0 95688
18/08/2019,00:50:50 0C100000 68.29 1.31 0.5 1.02 71014.0 53.9 35.2 50.0 0 95688
18/08/2019,00:55:49 0C100000 68.29 1.31 0.5 1.02 71014.0 53.9 35.2 50.0 0 95688
18/08/2019,01:00:48 0C100000 68.29 1.31 0.5 1.02 71014.0 53.9 35.2 50.0 0 95688
18/08/2019,01:05:47 0C100000 68.29 1.31 0.5 1.02 71014.0 53.9 35.2 50.0 0 95688
18/08/2019,01:10:46 0C100000 68.29 1.31 0.5 1.02 71014.0 53.9 35.2 50.0 0 95688
18/08/2019,01:15:45 0C100000 68.29 1.31 0.5 1.02 71014.0 53.9 35.2 50.0 0 95688
18/08/2019,01:20:44 0C100000 68.29 1.31 0.5 1.02 71014.0 53.9 35.2 50.0 0 95688
18/08/2019,01:25:43 0C100000 68.29 1.31 0.5 1.02 71014.0 53.9 35.2 50.0 0 95688
18/08/2019,01:30:42 0C100000 68.29 1.31 0.5 1.02 71014.0 53.9 35.2 50.0 0 95688
18/08/2019,01:35:41 0C100000 68.29 1.31 0.5 1.02 71014.0 53.9 35.2 50.0 0 95688
18/08/2019,01:40:40 0C100000 68.71 1.37 0.5 1.02 71031.0 53.9 35.0 50.0 0 95695
18/08/2019,01:45:39 0C100000 68.71 1.37 0.5 1.02 71031.0 53.9 35.0 50.0 0 95695
18/08/2019,01:50:38 0C100000 68.71 1.37 0.5 1.02 71031.0 53.9 35.0 50.0 0 95695
18/08/2019,01:55:37 0C100000 68.71 1.37 0.5 1.02 71031.0 53.9 35.0 50.0 0 95695
18/08/2019,02:00:36 0C100000 68.71 1.37 0.5 1.02 71031.0 53.9 35.0 50.0 0 95695
18/08/2019,02:05:35 0C100000 68.71 1.37 0.5 1.02 71031.0 53.9 35.0 50.0 0 95695
18/08/2019,02:10:34 0C100000 68.71 1.37 0.5 1.02 71031.0 53.9 35.0 50.0 0 95695
18/08/2019,02:15:33 0C100000 68.71 1.37 0.5 1.02 71031.0 53.9 35.0 50.0 0 95695
18/08/2019,02:20:32 0C100000 68.71 1.37 0.5 1.02 71031.0 53.9 35.0 50.0 0 95695
18/08/2019,02:25:31 0C100000 68.71 1.37 0.5 1.02 71031.0 53.9 35.0 50.0 0 95695
18/08/2019,02:30:30 0C100000 68.71 1.37 0.5 1.02 71031.0 53.9 35.0 50.0 0 95695
18/08/2019,02:35:29 0C100000 68.71 1.37 0.5 1.02 71031.0 53.9 35.0 50.0 0 95695
18/08/2019,02:40:28 0C100000 68.71 1.33 0.5 1.02 71051.0 53.9 34.8 50.0 0 95705
18/08/2019,02:45:27 0C100000 68.71 1.33 0.5 1.02 71051.0 53.9 34.8 50.0 0 95705
18/08/2019,02:50:26 0C100000 68.71 1.33 0.5 1.02 71051.0 53.9 34.8 50.0 0 95705
18/08/2019,02:55:25 0C100000 68.71 1.33 0.5 1.02 71051.0 53.9 34.8 50.0 0 95705
18/08/2019,03:00:24 0C100000 68.71 1.33 0.5 1.02 71051.0 53.9 34.8 50.0 0 95705
18/08/2019,03:05:23 0C100000 68.71 1.33 0.5 1.02 71051.0 53.9 34.8 50.0 0 95705
18/08/2019,03:10:22 0C310000 68.71 1.33 0.5 1.02 71051.0 53.9 34.8 50.0 0 95705
18/08/2019,03:15:21 0C310000 68.71 1.33 0.5 1.02 71051.0 53.9 34.8 50.0 0 95705
18/08/2019,03:20:20 0C500000 68.71 1.33 0.5 1.02 71051.0 53.9 34.8 50.0 0 95705
18/08/2019,03:25:19 0C700000 68.71 1.33 0.5 1.02 71051.0 53.9 34.8 50.0 0 95705
18/08/2019,03:30:18 0C100000 68.71 1.33 0.5 1.02 71051.0 53.9 34.8 50.0 0 95705
18/08/2019,03:35:17 0C100000 68.71 1.33 0.5 1.02 71051.0 53.9 34.8 50.0 0 95705
18/08/2019,03:40:16 0C100000 68.71 1.37 0.5 1.02 71000.0 53.9 35.0 50.0 0 95684
18/08/2019,03:45:15 0C100000 68.71 1.37 0.5 1.02 71000.0 53.9 35.0 50.0 0 95684
18/08/2019,03:50:14 0C100000 68.71 1.37 0.5 1.02 71000.0 53.9 35.0 50.0 0 95684
18/08/2019,03:55:13 0C100000 68.71 1.37 0.5 1.02 71000.0 53.9 35.0 50.0 0 95684
18/08/2019,04:00:12 0C100000 68.71 1.37 0.5 1.02 71000.0 53.9 35.0 50.0 0 95684
18/08/2019,04:05:11 0C100000 68.71 1.37 0.5 1.02 71000.0 53.9 35.0 50.0 0 95684
18/08/2019,04:10:10 0C100000 68.71 1.37 0.5 1.02 71000.0 53.9 35.0 50.0 0 95684
18/08/2019,04:15:09 0C100000 68.71 1.37 0.5 1.02 71000.0 53.9 35.0 50.0 0 95684
18/08/2019,04:20:08 0C100000 68.71 1.37 0.5 1.02 71000.0 53.9 35.0 50.0 0 95684
18/08/2019,04:25:07 0C100000 68.71 1.37 0.5 1.02 71000.0 53.9 35.0 50.0 0 95684
18/08/2019,04:30:06 0C100000 68.71 1.37 0.5 1.02 71000.0 53.9 35.0 50.0 0 95684
18/08/2019,04:35:05 0C100000 68.71 1.37 0.5 1.02 71000.0 53.9 35.0 50.0 0 95684
18/08/2019,04:40:04 0C100000 68.09 1.37 0.5 1.02 71066.0 53.9 34.8 50.0 0 95716
18/08/2019,04:45:03 0C100000 68.09 1.37 0.5 1.02 71066.0 53.9 34.8 50.0 0 95716
18/08/2019,04:50:02 0C100000 68.09 1.37 0.5 1.02 71066.0 53.9 34.8 50.0 0 95716
18/08/2019,04:55:01 0C100000 68.09 1.37 0.5 1.02 71066.0 53.9 34.8 50.0 0 95716
18/08/2019,05:00:00 0C100000 68.09 1.37 0.5 1.02 71066.0 53.9 34.8 50.0 0 95716
18/08/2019,05:04:59 0C100000 68.09 1.37 0.5 1.02 71066.0 53.9 34.8 50.0 0 95716
18/08/2019,05:09:58 0C100000 68.09 1.37 0.5 1.02 71066.0 53.9 34.8 50.0 0 95716
18/08/2019,05:14:57 0C100000 68.09 1.37 0.5 1.02 71066.0 53.9 34.8 50.0 0 95716
18/08/2019,05:19:56 0C100000 68.09 1.37 0.5 1.02 71066.0 53.9 34.8 50.0 0 95716
18/08/2019,05:24:55 0C100000 68.09 1.37 0.5 1.02 71066.0 53.9 34.8 50.0 0 95716
18/08/2019,05:29:54 0C100000 68.09 1.37 0.5 1.02 71066.0 53.9 34.8 50.0 0 95716
18/08/2019,05:34:53 0C100000 68.09 1.37 0.5 1.02 71066.0 53.9 34.8 50.0 0 95716
18/08/2019,05:39:52 0C100000 68.16 1.32 0.5 1.02 71089.0 53.9 34.6 50.0 0 95721
18/08/2019,05:44:51 0C100000 68.16 1.32 0.5 1.02 71089.0 53.9 34.6 50.0 0 95721
18/08/2019,05:49:50 0C100000 68.16 1.32 0.5 1.02 71089.0 53.9 34.6 50.0 0 95721
18/08/2019,05:54:49 0C100000 68.16 1.32 0.5 1.02 71089.0 53.9 34.6 50.0 0 95721
18/08/2019,05:59:48 0C100000 68.16 1.32 0.5 1.02 71089.0 53.9 34.6 50.0 0 95721
18/08/2019,06:04:47 0C100000 68.16 1.32 0.5 1.02 71089.0 53.9 34.6 50.0 0 95721
18/08/2019,06:09:46 0C100000 68.16 1.32 0.5 1.02 71089.0 53.9 34.6 50.0 0 95721
18/08/2019,06:14:45 0C100000 68.16 1.32 0.5 1.02 71089.0 53.9 34.6 50.0 0 95721
18/08/2019,06:19:44 0C100000 68.16 1.32 0.5 1.02 71089.0 53.9 34.6 50.0 0 95721
18/08/2019,06:24:43 0C100000 68.16 1.32 0.5 1.02 71089.0 53.9 34.6 50.0 0 95721
18/08/2019,06:29:42 0C100000 68.16 1.32 0.5 1.02 71089.0 53.9 34.6 50.0 0 95721
18/08/2019,06:34:41 0C100000 68.16 1.32 0.5 1.02 71089.0 53.9 34.6 50.0 0 95721
18/08/2019,06:39:40 0C100000 68.16 1.33 0.5 1.02 71093.0 53.9 34.5 50.0 0 95726
18/08/2019,06:44:39 0C100000 68.16 1.33 0.5 1.02 71093.0 53.9 34.5 50.0 0 95726
18/08/2019,06:49:38 0C100000 68.16 1.33 0.5 1.02 71093.0 53.9 34.5 50.0 0 95726
18/08/2019,06:54:37 0C100000 68.16 1.33 0.5 1.02 71093.0 53.9 34.5 50.0 0 95726
18/08/2019,06:59:36 0C100000 68.16 1.33 0.5 1.02 71093.0 53.9 34.5 50.0 0 95726
18/08/2019,07:04:35 0C100000 68.16 1.33 0.5 1.02 71093.0 53.9 34.5 50.0 0 95726
18/08/2019,07:09:34 0C100000 68.16 1.33 0.5 1.02 71093.0 53.9 34.5 50.0 0 95726
18/08/2019,07:14:33 0C100000 68.16 1.33 0.5 1.02 71093.0 53.9 34.5 50.0 0 95726
18/08/2019,07:19:32 0C100000 68.16 1.33 0.5 1.02 71093.0 53.9 34.5 50.0 0 95726
18/08/2019,07:24:31 0C100000 68.16 1.33 0.5 1.02 71093.0 53.9 34.5 50.0 0 95726
18/08/2019,07:29:30 0C100000 68.16 1.33 0.5 1.02 71093.0 53.9 34.5 50.0 0 95726
18/08/2019,07:34:29 0C100000 68.16 1.33 0.5 1.02 71093.0 53.9 34.5 50.0 0 95726
18/08/2019,07:39:28 0C100000 68.09 1.33 0.5 1.02 71059.0 53.9 34.8 50.0 0 95705
18/08/2019,07:44:27 0C100000 68.09 1.33 0.5 1.02 71059.0 53.9 34.8 50.0 0 95705
18/08/2019,07:49:26 0C100000 68.09 1.33 0.5 1.02 71059.0 53.9 34.8 50.0 0 95705
18/08/2019,07:54:25 0C100000 68.09 1.33 0.5 1.02 71059.0 53.9 34.8 50.0 0 95705
18/08/2019,07:59:24 0C100000 68.09 1.33 0.5 1.02 71059.0 53.9 34.8 50.0 0 95705
18/08/2019,08:04:23 0C100000 68.09 1.33 0.5 1.02 71059.0 53.9 34.8 50.0 0 95705
18/08/2019,08:09:22 0C100000 68.09 1.33 0.5 1.02 71059.0 53.9 34.8 50.0 0 95705
18/08/2019,08:14:21 0C100000 68.09 1.33 0.5 1.02 71059.0 53.9 34.8 50.0 0 95705
18/08/2019,08:19:20 0C100000 68.09 1.33 0.5 1.02 71059.0 53.9 34.8 50.0 0 95705
18/08/2019,08:24:19 0C100000 68.09 1.33 0.5 1.02 71059.0 53.9 34.8 50.0 0 95705
18/08/2019,08:29:18 0C100000 68.09 1.33 0.5 1.02 71059.0 53.9 34.8 50.0 0 95705
18/08/2019,08:34:17 0C100000 68.09 1.33 0.5 1.02 71059.0 53.9 34.8 50.0 0 95705
18/08/2019,08:39:16 0C100000 68.64 1.38 0.5 1.02 71054.0 53.9 34.8 50.0 0 95705
18/08/2019,08:44:15 0C100000 68.64 1.38 0.5 1.02 71054.0 53.9 34.8 50.0 0 95705
18/08/2019,08:49:14 0C100000 68.64 1.38 0.5 1.02 71054.0 53.9 34.8 50.0 0 95705
18/08/2019,08:54:13 0C100000 68.64 1.38 0.5 1.02 71054.0 53.9 34.8 50.0 0 95705
18/08/2019,08:59:12 0C100000 68.64 1.38 0.5 1.02 71054.0 53.9 34.8 50.0 0 95705
18/08/2019,09:04:11 0C100000 68.64 1.38 0.5 1.02 71054.0 53.9 34.8 50.0 0 95705
18/08/2019,09:09:10 0C100000 68.64 1.38 0.5 1.02 71054.0 53.9 34.8 50.0 0 95705
18/08/2019,09:14:09 0C100000 68.64 1.38 0.5 1.02 71054.0 53.9 34.8 50.0 0 95705
18/08/2019,09:19:08 0C100000 68.64 1.38 0.5 1.02 71054.0 53.9 34.8 50.0 0 95705
18/08/2019,09:24:07 0C100000 68.64 1.38 0.5 1.02 71054.0 53.9 34.8 50.0 0 95705
18/08/2019,09:29:06 0C100000 68.64 1.38 0.5 1.02 71054.0 53.9 34.8 50.0 0 95705
18/08/2019,09:34:05 0C100000 68.64 1.38 0.5 1.02 71054.0 53.9 34.8 50.0 0 95705
18/08/2019,09:39:04 0C100000 68.16 1.37 0.5 1.02 71035.0 53.9 34.9 50.0 0 95700
18/08/2019,09:44:03 0C100000 68.16 1.37 0.5 1.02 71035.0 53.9 34.9 50.0 0 95700
18/08/2019,09:49:02 0C100000 68.16 1.37 0.5 1.02 71035.0 53.9 34.9 50.0 0 95700
18/08/2019,09:54:01 0C100000 68.16 1.37 0.5 1.02 71035.0 53.9 34.9 50.0 0 95700
18/08/2019,09:59:00 0C100000 68.16 1.37 0.5 1.02 71035.0 53.9 34.9 50.0 0 95700
18/08/2019,10:03:59 0C100000 68.16 1.37 0.5 1.02 71035.0 53.9 34.9 50.0 0 95700
18/08/2019,10:08:58 0C100000 68.16 1.37 0.5 1.02 71035.0 53.9 34.9 50.0 0 95700
18/08/2019,10:13:57 0C100000 68.16 1.37 0.5 1.02 71035.0 53.9 34.9 50.0 0 95700
18/08/2019,10:18:56 0C100000 68.16 1.37 0.5 1.02 71035.0 53.9 34.9 50.0 0 95700
18/08/2019,10:23:55 0C100000 68.16 1.37 0.5 1.02 71035.0 53.9 34.9 50.0 0 95700
18/08/2019,10:28:54 0C100000 68.16 1.37 0.5 1.02 71035.0 53.9 34.9 50.0 0 95700
18/08/2019,10:33:53 0C100000 68.16 1.37 0.5 1.02 71035.0 53.9 34.9 50.0 0 95700
18/08/2019,10:38:52 0C100000 68.16 1.37 0.5 1.02 70992.0 53.9 34.9 50.0 0 95681
18/08/2019,10:43:51 0C100000 68.16 1.37 0.5 1.02 70992.0 53.9 34.9 50.0 0 95681
18/08/2019,10:48:50 0C100000 68.16 1.37 0.5 1.02 70992.0 53.9 34.9 50.0 0 95681
18/08/2019,10:53:49 0C100000 68.16 1.37 0.5 1.02 70992.0 53.9 34.9 50.0 0 95681
18/08/2019,10:58:48 0C100000 68.16 1.37 0.5 1.02 70992.0 53.9 34.9 50.0 0 95681
18/08/2019,11:03:47 0C100000 68.16 1.37 0.5 1.02 70992.0 53.9 34.9 50.0 0 95681
18/08/2019,11:08:46 0C100000 68.16 1.37 0.5 1.02 70992.0 53.9 34.9 50.0 0 95681
18/08/2019,11:13:45 0C100000 68.16 1.37 0.5 1.02 70992.0 53.9 34.9 50.0 0 95681
18/08/2019,11:18:44 0C100000 68.16 1.37 0.5 1.02 70992.0 53.9 34.9 50.0 0 95681
18/08/2019,11:23:43 0C100000 68.16 1.37 0.5 1.02 70992.0 53.9 34.9 50.0 0 95681
18/08/2019,11:28:42 0C100000 68.16 1.37 0.5 1.02 70992.0 53.9 34.9 50.0 0 95681
18/08/2019,11:33:41 0C100000 68.16 1.37 0.5 1.02 70992.0 53.9 34.9 50.0 0 95681
18/08/2019,11:38:40 0C100000 68.09 1.31 0.5 1.02 70939.0 53.9 35.1 50.0 0 95654
18/08/2019,11:43:39 0C100000 68.09 1.31 0.5 1.02 70939.0 53.9 35.1 50.0 0 95654
18/08/2019,11:48:38 0C100000 68.09 1.31 0.5 1.02 70939.0 53.9 35.1 50.0 0 95654
18/08/2019,11:53:37 0C100000 68.09 1.31 0.5 1.02 70939.0 53.9 35.1 50.0 0 95654
18/08/2019,11:58:36 0C100000 68.09 1.31 0.5 1.02 70939.0 53.9 35.1 50.0 0 95654
18/08/2019,12:03:35 0C100000 68.09 1.31 0.5 1.02 70939.0 53.9 35.1 50.0 0 95654
18/08/2019,12:08:34 0C100000 68.09 1.31 0.5 1.02 70939.0 53.9 35.1 50.0 0 95654
18/08/2019,12:13:33 0C100000 68.09 1.31 0.5 1.02 70939.0 53.9 35.1 50.0 0 95654
18/08/2019,12:18:32 0C100000 68.09 1.31 0.5 1.02 70939.0 53.9 35.1 50.0 0 95654
18/08/2019,12:23:31 0C100000 68.09 1.31 0.5 1.02 70939.0 53.9 35.1 50.0 0 95654
18/08/2019,12:28:30 0C100000 68.09 1.31 0.5 1.02 70939.0 53.9 35.1 50.0 0 95654
18/08/2019,12:33:29 0C100000 68.09 1.31 0.5 1.02 70939.0 53.9 35.1 50.0 0 95654
18/08/2019,12:38:28 0C100000 68.71 1.31 0.5 1.02 70959.0 53.9 35.2 50.0 0 95658
18/08/2019,12:43:27 0C100000 68.71 1.31 0.5 1.02 70959.0 53.9 35.2 50.0 0 95658
18/08/2019,12:48:26 0C100000 68.71 1.31 0.5 1.02 70959.0 53.9 35.2 50.0 0 95658
18/08/2019,12:53:25 0C100000 68.71 1.31 0.5 1.02 70959.0 53.9 35.2 50.0 0 95658
18/08/2019,12:58:24 0C100000 68.71 1.31 0.5 1.02 70959.0 53.9 35.2 50.0 0 95658
18/08/2019,13:03:23 0C100000 68.71 1.31 0.5 1.02 70959.0 53.9 35.2 50.0 0 95658
18/08/2019,13:08:22 0C100000 68.71 1.31 0.5 1.02 70959.0 53.9 35.2 50.0 0 95658
18/08/2019,13:13:21 0C100000 68.71 1.31 0.5 1.02 70959.0 53.9 35.2 50.0 0 95658
18/08/2019,13:18:20 0C100000 68.71 1.31 0.5 1.02 70959.0 53.9 35.2 50.0 0 95658
18/08/2019,13:23:19 0C100000 68.71 1.31 0.5 1.02 70959.0 53.9 35.2 50.0 0 95658
18/08/2019,13:28:18 0C100000 68.71 1.31 0.5 1.02 70959.0 53.9 35.2 50.0 0 95658
18/08/2019,13:33:17 0C100000 68.71 1.31 0.5 1.02 70959.0 53.9 35.2 50.0 0 95658
18/08/2019,13:38:16 0C100000 68.22 1.37 0.5 1.02 70913.0 53.9 35.5 50.0 0 95626
18/08/2019,13:43:15 0C100000 68.22 1.37 0.5 1.02 70913.0 53.9 35.5 50.0 0 95626
18/08/2019,13:48:14 0C100000 68.22 1.37 0.5 1.02 70913.0 53.9 35.5 50.0 0 95626
18/08/2019,13:53:13 0C100000 68.22 1.37 0.5 1.02 70913.0 53.9 35.5 50.0 0 95626
18/08/2019,13:58:12 0C100000 68.22 1.37 0.5 1.02 70913.0 53.9 35.5 50.0 0 95626
18/08/2019,14:03:11 0C100000 68.22 1.37 0.5 1.02 70913.0 53.9 35.5 50.0 0 95626
18/08/2019,14:08:10 0C100000 68.22 1.37 0.5 1.02 70913.0 53.9 35.5 50.0 0 95626
18/08/2019,14:13:09 0C100000 68.22 1.37 0.5 1.02 70913.0 53.9 35.5 50.0 0 95626
18/08/2019,14:18:08 0C100000 68.22 1.37 0.5 1.02 70913.0 53.9 35.5 50.0 0 95626
18/08/2019,14:23:07 0C100000 68.22 1.37 0.5 1.02 70913.0 53.9 35.5 50.0 0 95626
18/08/2019,14:28:06 0C100000 68.22 1.37 0.5 1.02 70913.0 53.9 35.5 50.0 0 95626
18/08/2019,14:33:05 0C100000 68.22 1.37 0.5 1.02 70913.0 53.9 35.5 50.0 0 95626
18/08/2019,14:38:04 0C100000 68.16 1.37 0.5 1.02 70898.0 53.9 35.7 50.0 0 95608
18/08/2019,14:43:03 0C100000 68.16 1.37 0.5 1.02 70898.0 53.9 35.7 50.0 0 95608
18/08/2019,14:48:02 0C100000 68.16 1.37 0.5 1.02 70898.0 53.9 35.7 50.0 0 95608
18/08/2019,14:53:01 0C100000 68.16 1.37 0.5 1.02 70898.0 53.9 35.7 50.0 0 95608
18/08/2019,14:58:00 0C100000 68.16 1.37 0.5 1.02 70898.0 53.9 35.7 50.0 0 95608
18/08/2019,15:02:59 0C100000 68.16 1.37 0.5 1.02 70898.0 53.9 35.7 50.0 0 95608
18/08/2019,15:07:58 0C100000 68.16 1.37 0.5 1.02 70898.0 53.9 35.7 50.0 0 95608
18/08/2019,15:12:57 0C100000 68.16 1.37 0.5 1.02 70898.0 53.9 35.7 50.0 0 95608
18/08/2019,15:17:56 0C100000 68.16 1.37 0.5 1.02 70898.0 53.9 35.7 50.0 0 95608
18/08/2019,15:22:55 0C100000 68.16 1.37 0.5 1.02 70898.0 53.9 35.7 50.0 0 95608
18/08/2019,15:27:54 0C100000 68.16 1.37 0.5 1.02 70898.0 53.9 35.7 50.0 0 95608
18/08/2019,15:32:53 0C100000 68.16 1.37 0.5 1.02 70898.0 53.9 35.7 50.0 0 95608
18/08/2019,15:37:52 0C100000 68.09 1.35 0.5 1.02 70934.0 53.9 35.9 50.0 0 95604
18/08/2019,15:42:51 0C100000 68.09 1.35 0.5 1.02 70934.0 53.9 35.9 50.0 0 95604
18/08/2019,15:47:50 0C100000 68.09 1.35 0.5 1.02 70934.0 53.9 35.9 50.0 0 95604
18/08/2019,15:52:49 0C100000 68.09 1.35 0.5 1.02 70934.0 53.9 35.9 50.0 0 95604
18/08/2019,15:57:48 0C100000 68.09 1.35 0.5 1.02 70934.0 53.9 35.9 50.0 0 95604
18/08/2019,16:02:47 0C100000 68.09 1.35 0.5 1.02 70934.0 53.9 35.9 50.0 0 95604
18/08/2019,16:07:46 0C100000 68.09 1.35 0.5 1.02 70934.0 53.9 35.9 50.0 0 95604
18/08/2019,16:12:45 0C100000 68.09 1.35 0.5 1.02 70934.0 53.9 35.9 50.0 0 95604
18/08/2019,16:17:44 0C100000 68.09 1.35 0.5 1.02 70934.0 53.9 35.9 50.0 0 95604
18/08/2019,16:22:43 0C100000 68.09 1.35 0.5 1.02 70934.0 53.9 35.9 50.0 0 95604
18/08/2019,16:27:42 0C100000 68.09 1.35 0.5 1.02 70934.0 53.9 35.9 50.0 0 95604
18/08/2019,16:32:41 0C100000 68.09 1.35 0.5 1.02 70934.0 53.9 35.9 50.0 0 95604
18/08/2019,16:37:40 0C100000 68.09 1.37 0.5 1.02 70923.0 53.9 35.9 50.0 0 95599
18/08/2019,16:42:39 0C100000 68.09 1.37 0.5 1.02 70923.0 53.9 35.9 50.0 0 95599
18/08/2019,16:47:38 0C100000 68.09 1.37 0.5 1.02 70923.0 53.9 35.9 50.0 0 95599
18/08/2019,16:52:37 0C100000 68.09 1.37 0.5 1.02 70923.0 53.9 35.9 50.0 0 95599
18/08/2019,16:57:36 0C100000 68.09 1.37 0.5 1.02 70923.0 53.9 35.9 50.0 0 95599
18/08/2019,17:02:35 0C100000 68.09 1.37 0.5 1.02 70923.0 53.9 35.9 50.0 0 95599
18/08/2019,17:07:34 0C100000 68.09 1.37 0.5 1.02 70923.0 53.9 35.9 50.0 0 95599
18/08/2019,17:12:33 0C100000 68.09 1.37 0.5 1.02 70923.0 53.9 35.9 50.0 0 95599
18/08/2019,17:17:32 0C100000 68.09 1.37 0.5 1.02 70923.0 53.9 35.9 50.0 0 95599
18/08/2019,17:22:31 0C100000 68.09 1.37 0.5 1.02 70923.0 53.9 35.9 50.0 0 95599
18/08/2019,17:27:30 0C100000 68.09 1.37 0.5 1.02 70923.0 53.9 35.9 50.0 0 95599
18/08/2019,17:32:29 0C100000 68.09 1.37 0.5 1.02 70923.0 53.9 35.9 50.0 0 95599
18/08/2019,17:37:28 0C100000 68.71 1.33 0.5 1.02 70897.0 53.9 36.0 50.0 0 95575
18/08/2019,17:42:27 0C100000 68.71 1.33 0.5 1.02 70897.0 53.9 36.0 50.0 0 95575
18/08/2019,17:47:26 0C100000 68.71 1.33 0.5 1.02 70897.0 53.9 36.0 50.0 0 95575
18/08/2019,17:52:25 0C100000 68.71 1.33 0.5 1.02 70897.0 53.9 36.0 50.0 0 95575
18/08/2019,17:57:24 0C100000 68.71 1.33 0.5 1.02 70897.0 53.9 36.0 50.0 0 95575
18/08/2019,18:02:23 0C100000 68.71 1.33 0.5 1.02 70897.0 53.9 36.0 50.0 0 95575
18/08/2019,18:07:22 0C100000 68.71 1.33 0.5 1.02 70897.0 53.9 36.0 50.0 0 95575
18/08/2019,18:12:21 0C100000 68.71 1.33 0.5 1.02 70897.0 53.9 36.0 50.0 0 95575
18/08/2019,18:17:20 0C100000 68.71 1.33 0.5 1.02 70897.0 53.9 36.0 50.0 0 95575
18/08/2019,18:22:19 0C100000 68.71 1.33 0.5 1.02 70897.0 53.9 36.0 50.0 0 95575
18/08/2019,18:27:18 0C100000 68.71 1.33 0.5 1.02 70897.0 53.9 36.0 50.0 0 95575
18/08/2019,18:32:17 0C100000 68.71 1.33 0.5 1.02 70897.0 53.9 36.0 50.0 0 95575
18/08/2019,18:37:16 0C100000 68.29 1.32 0.5 1.02 70870.0 53.9 36.1 50.0 0 95562
18/08/2019,18:42:15 0C100000 68.29 1.32 0.5 1.02 70870.0 53.9 36.1 50.0 0 95562
18/08/2019,18:47:14 0C100000 68.29 1.32 0.5 1.02 70870.0 53.9 36.1 50.0 0 95562
18/08/2019,18:52:13 0C100000 68.29 1.32 0.5 1.02 70870.0 53.9 36.1 50.0 0 95562
18/08/2019,18:57:12 0C100000 68.29 1.32 0.5 1.02 70870.0 53.9 36.1 50.0 0 95562
18/08/2019,19:02:11 0C100000 68.29 1.32 0.5 1.02 70870.0 53.9 36.1 50.0 0 95562
18/08/2019,19:07:10 0C100000 68.29 1.32 0.5 1.02 70870.0 53.9 36.1 50.0 0 95562
18/08/2019,19:12:09 0C100000 68.29 1.32 0.5 1.02 70870.0 53.9 36.1 50.0 0 95562
18/08/2019,19:17:08 0C100000 68.29 1.32 0.5 1.02 70870.0 53.9 36.1 50.0 0 95562
18/08/2019,19:22:07 0C100000 68.29 1.32 0.5 1.02 70870.0 53.9 36.1 50.0 0 95562
18/08/2019,19:27:06 0C100000 68.29 1.32 0.5 1.02 70870.0 53.9 36.1 50.0 0 95562
18/08/2019,19:32:05 0C100000 68.29 1.32 0.5 1.02 70870.0 53.9 36.1 50.0 0 95562
18/08/2019,19:37:04 0C100000 68.36 1.31 0.5 1.02 70878.0 53.9 35.9 50.0 0 95566
18/08/2019,19:42:03 0C100000 68.36 1.31 0.5 1.02 70878.0 53.9 35.9 50.0 0 95566
18/08/2019,19:47:02 0C100000 68.36 1.31 0.5 1.02 70878.0 53.9 35.9 50.0 0 95566
18/08/2019,19:52:01 0C100000 68.36 1.31 0.5 1.02 70878.0 53.9 35.9 50.0 0 95566
18/08/2019,19:57:00 0C100000 68.36 1.31 0.5 1.02 70878.0 53.9 35.9 50.0 0 95566
18/08/2019,20:01:59 0C100000 68.36 1.31 0.5 1.02 70878.0 53.9 35.9 50.0 0 95566
18/08/2019,20:06:58 0C100000 68.36 1.31 0.5 1.02 70878.0 53.9 35.9 50.0 0 95566
18/08/2019,20:11:57 0C100000 68.36 1.31 0.5 1.02 70878.0 53.9 35.9 50.0 0 95566
18/08/2019,20:16:56 0C100000 68.36 1.31 0.5 1.02 70878.0 53.9 35.9 50.0 0 95566
18/08/2019,20:21:55 0C100000 68.36 1.31 0.5 1.02 70878.0 53.9 35.9 50.0 0 95566
18/08/2019,20:26:54 0C100000 68.36 1.31 0.5 1.02 70878.0 53.9 35.9 50.0 0 95566
18/08/2019,20:31:53 0C100000 68.36 1.31 0.5 1.02 70878.0 53.9 35.9 50.0 0 95566
18/08/2019,20:36:52 0C100000 68.29 1.32 0.5 1.02 70881.0 53.9 35.6 50.0 0 95581
18/08/2019,20:41:51 0C100000 68.29 1.32 0.5 1.02 70881.0 53.9 35.6 50.0 0 95581
18/08/2019,20:46:50 0C100000 68.29 1.32 0.5 1.02 70881.0 53.9 35.6 50.0 0 95581
18/08/2019,20:51:49 0C100000 68.29 1.32 0.5 1.02 70881.0 53.9 35.6 50.0 0 95581
18/08/2019,20:56:48 0C100000 68.29 1.32 0.5 1.02 70881.0 53.9 35.6 50.0 0 95581
18/08/2019,21:01:47 0C100000 68.29 1.32 0.5 1.02 70881.0 53.9 35.6 50.0 0 95581
18/08/2019,21:06:46 0C100000 68.29 1.32 0.5 1.02 70881.0 53.9 35.6 50.0 0 95581
18/08/2019,21:11:45 0C100000 68.29 1.32 0.5 1.02 70881.0 53.9 35.6 50.0 0 95581
18/08/2019,21:16:44 0C100000 68.29 1.32 0.5 1.02 70881.0 53.9 35.6 50.0 0 95581
18/08/2019,21:21:43 0C100000 68.29 1.32 0.5 1.02 70881.0 53.9 35.6 50.0 0 95581
18/08/2019,21:26:42 0C100000 68.29 1.32 0.5 1.02 70881.0 53.9 35.6 50.0 0 95581
18/08/2019,21:31:41 0C100000 68.29 1.32 0.5 1.02 70881.0 53.9 35.6 50.0 0 95581
18/08/2019,21:36:40 0C100000 68.71 1.38 0.5 1.02 70885.0 53.9 35.3 50.0 0 95582
18/08/2019,21:41:39 0C100000 68.71 1.38 0.5 1.02 70885.0 53.9 35.3 50.0 0 95582
18/08/2019,21:46:38 0C100000 68.71 1.38 0.5 1.02 70885.0 53.9 35.3 50.0 0 95582
18/08/2019,21:51:37 0C100000 68.71 1.38 0.5 1.02 70885.0 53.9 35.3 50.0 0 95582
18/08/2019,21:56:36 0C100000 68.71 1.38 0.5 1.02 70885.0 53.9 35.3 50.0 0 95582
18/08/2019,22:01:35 0C100000 68.71 1.38 0.5 1.02 70885.0 53.9 35.3 50.0 0 95582
18/08/2019,22:06:34 0C100000 68.71 1.38 0.5 1.02 70885.0 53.9 35.3 50.0 0 95582
18/08/2019,22:11:33 0C100000 68.71 1.38 0.5 1.02 70885.0 53.9 35.3 50.0 0 95582
18/08/2019,22:16:32 0C100000 68.71 1.38 0.5 1.02 70885.0 53.9 35.3 50.0 0 95582
18/08/2019,22:21:31 0C100000 68.71 1.38 0.5 1.02 70885.0 53.9 35.3 50.0 0 95582
18/08/2019,22:26:30 0C100000 68.71 1.38 0.5 1.02 70885.0 53.9 35.3 50.0 0 95582
18/08/2019,22:31:29 0C100000 68.71 1.38 0.5 1.02 70885.0 53.9 35.3 50.0 0 95582
18/08/2019,22:36:28 0C100000 68.02 1.37 0.5 1.02 70867.0 53.9 35.3 50.0 0 95569
18/08/2019,22:41:27 0C100000 68.02 1.37 0.5 1.02 70867.0 53.9 35.3 50.0 0 95569
18/08/2019,22:46:26 0C100000 68.02 1.37 0.5 1.02 70867.0 53.9 35.3 50.0 0 95569
18/08/2019,22:51:25 0C100000 68.02 1.37 0.5 1.02 70867.0 53.9 35.3 50.0 0 95569
18/08/2019,22:56:24 0C100000 68.02 1.37 0.5 1.02 70867.0 53.9 35.3 50.0 0 95569
18/08/2019,23:01:23 0C100000 68.02 1.37 0.5 1.02 70867.0 53.9 35.3 50.0 0 95569
18/08/2019,23:06:22 0C100000 68.02 1.37 0.5 1.02 70867.0 53.9 35.3 50.0 0 95569
18/08/2019,23:11:21 0C100000 68.02 1.37 0.5 1.02 70867.0 53.9 35.3 50.0 0 95569
18/08/2019,23:16:20 0C100000 68.02 1.37 0.5 1.02 70867.0 53.9 35.3 50.0 0 95569
18/08/2019,23:21:19 0C100000 68.02 1.37 0.5 1.02 70867.0 53.9 35.3 50.0 0 95569
18/08/2019,23:26:18 0C100000 68.02 1.37 0.5 1.02 70867.0 53.9 35.3 50.0 0 95569
18/08/2019,23:31:17 0C100000 68.02 1.37 0.5 1.02 70867.0 53.9 35.3 50.0 0 95569
18/08/2019,23:36:16 0C100000 68.16 1.33 0.5 1.02 70844.0 53.9 35.3 50.0 0 95566
18/08/2019,23:41:15 0C100000 68.16 1.33 0.5 1.02 70844.0 53.9 35.3 50.0 0 95566
18/08/2019,23:46:14 0C100000 68.16 1.33 0.5 1.02 70844.0 53.9 35.3 50.0 0 95566
18/08/2019,23:51:13 0C100000 68.16 1.33 0.5 1.02 70844.0 53.9 35.3 50.0 0 95566
18/08/2019,23:56:12 0C100000 68.16 1.33 0.5 1.02 70844.0 53.9 35.3 50.0 0 95566
