20t_Date,8s_flag,4.2f_flowA,4.2f_flowB,3.1f_bkg,5.2f_coef,5.1f_benchT,5.1f_O3lampT,5.1f_intT,5.1f_lampSetting,6d_cellAInt,6d_cellBInt
15/07/2019,00:04:44 0C100000 68.22 1.32 0.5 1.02 74606.0 53.8 34.4 50.0 0 98932
15/07/2019,00:09:43 0C100000 68.22 1.32 0.5 1.02 74606.0 53.8 34.4 50.0 0 98932
15/07/2019,00:14:42 0C100000 68.22 1.32 0.5 1.02 74606.0 53.8 34.4 50.0 0 98932
15/07/2019,00:19:41 0C100000 68.22 1.32 0.5 1.02 74606.0 53.8 34.4 50.0 0 98932
15/07/2019,00:24:40 0C100000 68.22 1.32 0.5 1.02 74606.0 53.8 34.4 50.0 0 98932
15/07/2019,00:29:39 0C100000 68.22 1.32 0.5 1.02 74606.0 53.8 34.4 50.0 0 98932
15/07/2019,00:34:38 0C100000 68.22 1.32 0.5 1.02 74606.0 53.8 34.4 50.0 0 98932
15/07/2019,00:39:37 0C100000 68.64 1.32 0.5 1.02 74584.0 53.8 34.2 50.0 0 98959
15/07/2019,00:44:36 0C100000 68.64 1.32 0.5 1.02 74584.0 53.8 34.2 50.0 0 98959
15/07/2019,00:49:35 0C100000 68.64 1.32 0.5 1.02 74584.0 53.8 34.2 50.0 0 98959
15/07/2019,00:54:34 0C100000 68.64 1.32 0.5 1.02 74584.0 53.8 34.2 50.0 0 98959
15/07/2019,00:59:33 0C100000 68.64 1.32 0.5 1.02 74584.0 53.8 34.2 50.0 0 98959
15/07/2019,01:04:32 0C100000 68.64 1.32 0.5 1.02 74584.0 53.8 34.2 50.0 0 98959
15/07/2019,01:09:31 0C100000 68.64 1.32 0.5 1.02 74584.0 53.8 34.2 50.0 0 98959
15/07/2019,01:14:30 0C100000 68.64 1.32 0.5 1.02 74584.0 53.8 34.2 50.0 0 98959
15/07/2019,01:19:29 0C100000 68.64 1.32 0.5 1.02 74584.0 53.8 34.2 50.0 0 98959
15/07/2019,01:24:28 0C100000 68.64 1.32 0.5 1.02 74584.0 53.8 34.2 50.0 0 98959
15/07/2019,01:29:27 0C100000 68.64 1.32 0.5 1.02 74584.0 53.8 34.2 50.0 0 98959
15/07/2019,01:34:26 0C100000 68.64 1.32 0.5 1.02 74584.0 53.8 34.2 50.0 0 98959
15/07/2019,01:39:25 0C100000 68.64 1.32 0.5 1.02 74639.0 53.8 34.0 50.0 0 98999
15/07/2019,01:44:24 0C100000 68.64 1.32 0.5 1.02 74639.0 53.8 34.0 50.0 0 98999
15/07/2019,01:49:23 0C100000 68.64 1.32 0.5 1.02 74639.0 53.8 34.0 50.0 0 98999
15/07/2019,01:54:22 0C100000 68.64 1.32 0.5 1.02 74639.0 53.8 34.0 50.0 0 98999
15/07/2019,01:59:21 0C100000 68.64 1.32 0.5 1.02 74639.0 53.8 34.0 50.0 0 98999
15/07/2019,02:04:20 0C100000 68.64 1.32 0.5 1.02 74639.0 53.8 34.0 50.0 0 98999
15/07/2019,02:09:19 0C100000 68.64 1.32 0.5 1.02 74639.0 53.8 34.0 50.0 0 98999
15/07/2019,02:14:18 0C100000 68.64 1.32 0.5 1.02 74639.0 53.8 34.0 50.0 0 98999
15/07/2019,02:19:17 0C100000 68.64 1.32 0.5 1.02 74639.0 53.8 34.0 50.0 0 98999
15/07/2019,02:24:16 0C100000 68.64 1.32 0.5 1.02 74639.0 53.8 34.0 50.0 0 98999
15/07/2019,02:29:15 0C100000 68.64 1.32 0.5 1.02 74639.0 53.8 34.0 50.0 0 98999
15/07/2019,02:34:14 0C100000 68.64 1.32 0.5 1.02 74639.0 53.8 34.0 50.0 0 98999
15/07/2019,02:39:13 0C100000 68.64 1.37 0.5 1.02 74736.0 53.8 33.5 50.0 0 99067
15/07/2019,02:44:12 0C100000 68.64 1.37 0.5 1.02 74736.0 53.8 33.5 50.0 0 99067
15/07/2019,02:49:11 0C100000 68.64 1.37 0.5 1.02 74736.0 53.8 33.5 50.0 0 99067
15/07/2019,02:54:10 0C100000 68.64 1.37 0.5 1.02 74736.0 53.8 33.5 50.0 0 99067
15/07/2019,02:59:09 0C100000 68.64 1.37 0.5 1.02 74736.0 53.8 33.5 50.0 0 99067
15/07/2019,03:04:08 0C100000 68.64 1.37 0.5 1.02 74736.0 53.8 33.5 50.0 0 99067
15/07/2019,03:09:07 0C100000 68.64 1.37 0.5 1.02 74736.0 53.8 33.5 50.0 0 99067
15/07/2019,03:14:06 0C100000 68.64 1.37 0.5 1.02 74736.0 53.8 33.5 50.0 0 99067
15/07/2019,03:19:05 0C100000 68.64 1.37 0.5 1.02 74736.0 53.8 33.5 50.0 0 99067
15/07/2019,03:24:04 0C100000 68.64 1.37 0.5 1.02 74736.0 53.8 33.5 50.0 0 99067
15/07/2019,03:29:03 0C100000 68.64 1.37 0.5 1.02 74736.0 53.8 33.5 50.0 0 99067
15/07/2019,03:34:02 0C100000 68.64 1.37 0.5 1.02 74736.0 53.8 33.5 50.0 0 99067
15/07/2019,03:39:01 0C100000 68.64 1.37 0.5 1.02 74750.0 53.8 33.2 50.0 0 99160
15/07/2019,03:44:00 0C100000 68.64 1.37 0.5 1.02 74750.0 53.8 33.2 50.0 0 99160
15/07/2019,03:48:59 0C100000 68.64 1.37 0.5 1.02 74750.0 53.8 33.2 50.0 0 99160
15/07/2019,03:53:58 0C100000 68.64 1.37 0.5 1.02 74750.0 53.8 33.2 50.0 0 99160
15/07/2019,03:58:57 0C100000 68.64 1.37 0.5 1.02 74750.0 53.8 33.2 50.0 0 99160
15/07/2019,04:03:56 0C100000 68.64 1.37 0.5 1.02 74750.0 53.8 33.2 50.0 0 99160
15/07/2019,04:08:55 0C100000 68.64 1.37 0.5 1.02 74750.0 53.8 33.2 50.0 0 99160
15/07/2019,04:13:54 0C100000 68.64 1.37 0.5 1.02 74750.0 53.8 33.2 50.0 0 99160
15/07/2019,04:18:53 0C100000 68.64 1.37 0.5 1.02 74750.0 53.8 33.2 50.0 0 99160
15/07/2019,04:23:52 0C100000 68.64 1.37 0.5 1.02 74750.0 53.8 33.2 50.0 0 99160
15/07/2019,04:28:51 0C100000 68.64 1.37 0.5 1.02 74750.0 53.8 33.2 50.0 0 99160
15/07/2019,04:33:50 0C100000 68.64 1.37 0.5 1.02 74750.0 53.8 33.2 50.0 0 99160
15/07/2019,04:38:49 0C100000 67.95 1.37 0.5 1.02 74691.0 53.8 32.9 50.0 0 99198
15/07/2019,04:43:48 0C100000 67.95 1.37 0.5 1.02 74691.0 53.8 32.9 50.0 0 99198
15/07/2019,04:48:47 0C100000 67.95 1.37 0.5 1.02 74691.0 53.8 32.9 50.0 0 99198
15/07/2019,04:53:46 0C100000 67.95 1.37 0.5 1.02 74691.0 53.8 32.9 50.0 0 99198
15/07/2019,04:58:45 0C100000 67.95 1.37 0.5 1.02 74691.0 53.8 32.9 50.0 0 99198
15/07/2019,05:03:44 0C100000 67.95 1.37 0.5 1.02 74691.0 53.8 32.9 50.0 0 99198
15/07/2019,05:08:43 0C100000 67.95 1.37 0.5 1.02 74691.0 53.8 32.9 50.0 0 99198
15/07/2019,05:13:42 0C100000 67.95 1.37 0.5 1.02 74691.0 53.8 32.9 50.0 0 99198
15/07/2019,05:18:41 0C100000 67.95 1.37 0.5 1.02 74691.0 53.8 32.9 50.0 0 99198
15/07/2019,05:23:40 0C100000 67.95 1.37 0.5 1.02 74691.0 53.8 32.9 50.0 0 99198
15/07/2019,05:28:39 0C100000 67.95 1.37 0.5 1.02 74691.0 53.8 32.9 50.0 0 99198
15/07/2019,05:33:38 0C100000 67.95 1.37 0.5 1.02 74691.0 53.8 32.9 50.0 0 99198
15/07/2019,05:38:37 0C100000 68.57 1.33 0.5 1.02 74691.0 53.8 32.9 50.0 0 99194
15/07/2019,05:43:36 0C100000 68.57 1.33 0.5 1.02 74691.0 53.8 32.9 50.0 0 99194
15/07/2019,05:48:35 0C100000 68.57 1.33 0.5 1.02 74691.0 53.8 32.9 50.0 0 99194
15/07/2019,05:53:34 0C100000 68.57 1.33 0.5 1.02 74691.0 53.8 32.9 50.0 0 99194
15/07/2019,05:58:33 0C100000 68.57 1.33 0.5 1.02 74691.0 53.8 32.9 50.0 0 99194
15/07/2019,06:03:32 0C100000 68.57 1.33 0.5 1.02 74691.0 53.8 32.9 50.0 0 99194
15/07/2019,06:08:31 0C100000 68.57 1.33 0.5 1.02 74691.0 53.8 32.9 50.0 0 99194
15/07/2019,06:13:30 0C100000 68.57 1.33 0.5 1.02 74691.0 53.8 32.9 50.0 0 99194
15/07/2019,06:18:29 0C100000 68.57 1.33 0.5 1.02 74691.0 53.8 32.9 50.0 0 99194
15/07/2019,06:23:28 0C100000 68.57 1.33 0.5 1.02 74691.0 53.8 32.9 50.0 0 99194
15/07/2019,06:28:27 0C100000 68.57 1.33 0.5 1.02 74691.0 53.8 32.9 50.0 0 99194
15/07/2019,06:33:26 0C100000 68.57 1.33 0.5 1.02 74691.0 53.8 32.9 50.0 0 99194
15/07/2019,06:38:25 0C100000 68.16 1.31 0.5 1.02 74827.0 53.8 33.1 50.0 0 99226
15/07/2019,06:43:24 0C100000 68.16 1.31 0.5 1.02 74827.0 53.8 33.1 50.0 0 99226
15/07/2019,06:48:23 0C100000 68.16 1.31 0.5 1.02 74827.0 53.8 33.1 50.0 0 99226
15/07/2019,06:53:22 0C100000 68.16 1.31 0.5 1.02 74827.0 53.8 33.1 50.0 0 99226
15/07/2019,06:58:21 0C100000 68.16 1.31 0.5 1.02 74827.0 53.8 33.1 50.0 0 99226
15/07/2019,07:03:20 0C100000 68.16 1.31 0.5 1.02 74827.0 53.8 33.1 50.0 0 99226
15/07/2019,07:08:19 0C100000 68.16 1.31 0.5 1.02 74827.0 53.8 33.1 50.0 0 99226
15/07/2019,07:13:18 0C100000 68.16 1.31 0.5 1.02 74827.0 53.8 33.1 50.0 0 99226
15/07/2019,07:18:17 0C100000 68.16 1.31 0.5 1.02 74827.0 53.8 33.1 50.0 0 99226
15/07/2019,07:23:16 0C100000 68.16 1.31 0.5 1.02 74827.0 53.8 33.1 50.0 0 99226
15/07/2019,07:28:15 0C100000 68.16 1.31 0.5 1.02 74827.0 53.8 33.1 50.0 0 99226
15/07/2019,07:33:14 0C100000 68.16 1.31 0.5 1.02 74827.0 53.8 33.1 50.0 0 99226
15/07/2019,07:38:13 0C100000 68.57 1.32 0.5 1.02 74707.0 53.8 33.1 50.0 0 99211
15/07/2019,07:43:12 0C100000 68.57 1.32 0.5 1.02 74707.0 53.8 33.1 50.0 0 99211
15/07/2019,07:48:11 0C100000 68.57 1.32 0.5 1.02 74707.0 53.8 33.1 50.0 0 99211
15/07/2019,07:53:10 0C100000 68.57 1.32 0.5 1.02 74707.0 53.8 33.1 50.0 0 99211
15/07/2019,07:58:09 0C100000 68.57 1.32 0.5 1.02 74707.0 53.8 33.1 50.0 0 99211
15/07/2019,08:03:08 0C100000 68.57 1.32 0.5 1.02 74707.0 53.8 33.1 50.0 0 99211
15/07/2019,08:08:07 0C100000 68.57 1.32 0.5 1.02 74707.0 53.8 33.1 50.0 0 99211
15/07/2019,08:13:06 0C100000 68.57 1.32 0.5 1.02 74707.0 53.8 33.1 50.0 0 99211
15/07/2019,08:18:05 0C100000 68.57 1.32 0.5 1.02 74707.0 53.8 33.1 50.0 0 99211
15/07/2019,08:23:04 0C100000 68.57 1.32 0.5 1.02 74707.0 53.8 33.1 50.0 0 99211
15/07/2019,08:28:03 0C100000 68.57 1.32 0.5 1.02 74707.0 53.8 33.1 50.0 0 99211
15/07/2019,08:33:02 0C100000 68.57 1.32 0.5 1.02 74707.0 53.8 33.1 50.0 0 99211
15/07/2019,08:38:01 0C100000 68.43 1.32 0.5 1.02 74689.0 53.8 33.0 50.0 0 99224
15/07/2019,08:43:00 0C100000 68.43 1.32 0.5 1.02 74689.0 53.8 33.0 50.0 0 99224
15/07/2019,08:47:59 0C100000 68.43 1.32 0.5 1.02 74689.0 53.8 33.0 50.0 0 99224
15/07/2019,08:52:58 0C100000 68.43 1.32 0.5 1.02 74689.0 53.8 33.0 50.0 0 99224
15/07/2019,08:57:57 0C100000 68.43 1.32 0.5 1.02 74689.0 53.8 33.0 50.0 0 99224
15/07/2019,09:02:56 0C100000 68.43 1.32 0.5 1.02 74689.0 53.8 33.0 50.0 0 99224
15/07/2019,09:07:55 0C100000 68.43 1.32 0.5 1.02 74689.0 53.8 33.0 50.0 0 99224
15/07/2019,09:12:54 0C100000 68.43 1.32 0.5 1.02 74689.0 53.8 33.0 50.0 0 99224
15/07/2019,09:17:53 0C100000 68.43 1.32 0.5 1.02 74689.0 53.8 33.0 50.0 0 99224
15/07/2019,09:22:52 0C100000 68.43 1.32 0.5 1.02 74689.0 53.8 33.0 50.0 0 99224
15/07/2019,09:27:51 0C100000 68.43 1.32 0.5 1.02 74689.0 53.8 33.0 50.0 0 99224
15/07/2019,09:32:50 0C100000 68.43 1.32 0.5 1.02 74689.0 53.8 33.0 50.0 0 99224
15/07/2019,09:37:49 0C100000 68.64 1.37 0.5 1.02 74639.0 53.8 33.1 50.0 0 99162
15/07/2019,09:42:48 0C100000 68.64 1.37 0.5 1.02 74639.0 53.8 33.1 50.0 0 99162
15/07/2019,09:47:47 0C100000 68.64 1.37 0.5 1.02 74639.0 53.8 33.1 50.0 0 99162
15/07/2019,09:52:46 0C100000 68.64 1.37 0.5 1.02 74639.0 53.8 33.1 50.0 0 99162
15/07/2019,09:57:45 0C100000 68.64 1.37 0.5 1.02 74639.0 53.8 33.1 50.0 0 99162
15/07/2019,10:02:44 0C100000 68.64 1.37 0.5 1.02 74639.0 53.8 33.1 50.0 0 99162
15/07/2019,10:07:43 0C100000 68.64 1.37 0.5 1.02 74639.0 53.8 33.1 50.0 0 99162
15/07/2019,10:12:42 0C100000 68.64 1.37 0.5 1.02 74639.0 53.8 33.1 50.0 0 99162
15/07/2019,10:17:41 0C100000 68.64 1.37 0.5 1.02 74639.0 53.8 33.1 50.0 0 99162
15/07/2019,10:22:40 0C100000 68.64 1.37 0.5 1.02 74639.0 53.8 33.1 50.0 0 99162
15/07/2019,10:27:39 0C100000 68.64 1.37 0.5 1.02 74639.0 53.8 33.1 50.0 0 99162
15/07/2019,10:32:38 0C100000 68.64 1.37 0.5 1.02 74639.0 53.8 33.1 50.0 0 99162
15/07/2019,10:37:37 0C100000 68.57 1.33 0.5 1.02 74568.0 53.8 33.4 50.0 0 99107
15/07/2019,10:42:36 0C100000 68.57 1.33 0.5 1.02 74568.0 53.8 33.4 50.0 0 99107
15/07/2019,10:47:35 0C100000 68.57 1.33 0.5 1.02 74568.0 53.8 33.4 50.0 0 99107
15/07/2019,10:52:34 0C100000 68.57 1.33 0.5 1.02 74568.0 53.8 33.4 50.0 0 99107
15/07/2019,10:57:33 0C100000 68.57 1.33 0.5 1.02 74568.0 53.8 33.4 50.0 0 99107
15/07/2019,11:02:32 0C100000 68.57 1.33 0.5 1.02 74568.0 53.8 33.4 50.0 0 99107
15/07/2019,11:07:31 0C100000 68.57 1.33 0.5 1.02 74568.0 53.8 33.4 50.0 0 99107
15/07/2019,11:12:30 0C100000 68.57 1.33 0.5 1.02 74568.0 53.8 33.4 50.0 0 99107
15/07/2019,11:17:29 0C100000 68.57 1.33 0.5 1.02 74568.0 53.8 33.4 50.0 0 99107
15/07/2019,11:22:28 0C100000 68.57 1.33 0.5 1.02 74568.0 53.8 33.4 50.0 0 99107
15/07/2019,11:27:27 0C100000 68.57 1.33 0.5 1.02 74568.0 53.8 33.4 50.0 0 99107
15/07/2019,11:32:26 0C100000 68.57 1.33 0.5 1.02 74568.0 53.8 33.4 50.0 0 99107
15/07/2019,11:37:25 0C100000 68.64 1.32 0.5 1.02 74541.0 53.8 33.4 50.0 0 99101
15/07/2019,11:42:24 0C100000 68.64 1.32 0.5 1.02 74541.0 53.8 33.4 50.0 0 99101
15/07/2019,11:47:23 0C100000 68.64 1.32 0.5 1.02 74541.0 53.8 33.4 50.0 0 99101
15/07/2019,11:52:22 0C100000 68.64 1.32 0.5 1.02 74541.0 53.8 33.4 50.0 0 99101
15/07/2019,11:57:21 0C100000 68.64 1.32 0.5 1.02 74541.0 53.8 33.4 50.0 0 99101
15/07/2019,12:02:20 0C100000 68.64 1.32 0.5 1.02 74541.0 53.8 33.4 50.0 0 99101
15/07/2019,12:07:19 0C100000 68.64 1.32 0.5 1.02 74541.0 53.8 33.4 50.0 0 99101
15/07/2019,12:12:18 0C100000 68.64 1.32 0.5 1.02 74541.0 53.8 33.4 50.0 0 99101
15/07/2019,12:17:17 0C100000 68.64 1.32 0.5 1.02 74541.0 53.8 33.4 50.0 0 99101
15/07/2019,12:22:16 0C100000 68.64 1.32 0.5 1.02 74541.0 53.8 33.4 50.0 0 99101
15/07/2019,12:27:15 0C100000 68.64 1.32 0.5 1.02 74541.0 53.8 33.4 50.0 0 99101
15/07/2019,12:32:14 0C100000 68.64 1.32 0.5 1.02 74541.0 53.8 33.4 50.0 0 99101
15/07/2019,12:37:13 0C100000 68.57 1.31 0.5 1.02 74518.0 53.8 33.5 50.0 0 99053
15/07/2019,12:42:12 0C100000 68.57 1.31 0.5 1.02 74518.0 53.8 33.5 50.0 0 99053
15/07/2019,12:47:11 0C100000 68.57 1.31 0.5 1.02 74518.0 53.8 33.5 50.0 0 99053
15/07/2019,12:52:10 0C100000 68.57 1.31 0.5 1.02 74518.0 53.8 33.5 50.0 0 99053
15/07/2019,12:57:09 0C100000 68.57 1.31 0.5 1.02 74518.0 53.8 33.5 50.0 0 99053
15/07/2019,13:02:08 0C100000 68.57 1.31 0.5 1.02 74518.0 53.8 33.5 50.0 0 99053
15/07/2019,13:07:07 0C100000 68.57 1.31 0.5 1.02 74518.0 53.8 33.5 50.0 0 99053
15/07/2019,13:12:06 0C100000 68.57 1.31 0.5 1.02 74518.0 53.8 33.5 50.0 0 99053
15/07/2019,13:17:05 0C100000 68.57 1.31 0.5 1.02 74518.0 53.8 33.5 50.0 0 99053
15/07/2019,13:22:04 0C100000 68.57 1.31 0.5 1.02 74518.0 53.8 33.5 50.0 0 99053
15/07/2019,13:27:03 0C100000 68.57 1.31 0.5 1.02 74518.0 53.8 33.5 50.0 0 99053
15/07/2019,13:32:02 0C100000 68.57 1.31 0.5 1.02 74518.0 53.8 33.5 50.0 0 99053
15/07/2019,13:37:01 0C100000 67.95 1.37 0.5 1.02 74449.0 53.8 33.8 50.0 0 98997
15/07/2019,13:42:00 0C100000 67.95 1.37 0.5 1.02 74449.0 53.8 33.8 50.0 0 98997
15/07/2019,13:46:59 0C100000 67.95 1.37 0.5 1.02 74449.0 53.8 33.8 50.0 0 98997
15/07/2019,13:51:58 0C100000 67.95 1.37 0.5 1.02 74449.0 53.8 33.8 50.0 0 98997
15/07/2019,13:56:57 0C100000 67.95 1.37 0.5 1.02 74449.0 53.8 33.8 50.0 0 98997
15/07/2019,14:01:56 0C100000 67.95 1.37 0.5 1.02 74449.0 53.8 33.8 50.0 0 98997
15/07/2019,14:06:55 0C100000 67.95 1.37 0.5 1.02 74449.0 53.8 33.8 50.0 0 98997
15/07/2019,14:11:54 0C100000 67.95 1.37 0.5 1.02 74449.0 53.8 33.8 50.0 0 98997
15/07/2019,14:16:53 0C100000 67.95 1.37 0.5 1.02 74449.0 53.8 33.8 50.0 0 98997
15/07/2019,14:21:52 0C100000 67.95 1.37 0.5 1.02 74449.0 53.8 33.8 50.0 0 98997
15/07/2019,14:26:51 0C100000 67.95 1.37 0.5 1.02 74449.0 53.8 33.8 50.0 0 98997
15/07/2019,14:31:50 0C100000 67.95 1.37 0.5 1.02 74449.0 53.8 33.8 50.0 0 98997
15/07/2019,14:36:49 0C100000 68.09 1.33 0.5 1.02 74347.0 53.8 34.0 50.0 0 98952
15/07/2019,14:41:48 0C100000 68.09 1.33 0.5 1.02 74347.0 53.8 34.0 50.0 0 98952
15/07/2019,14:46:47 0C100000 68.09 1.33 0.5 1.02 74347.0 53.8 34.0 50.0 0 98952
15/07/2019,14:51:46 0C100000 68.09 1.33 0.5 1.02 74347.0 53.8 34.0 50.0 0 98952
15/07/2019,14:56:45 0C100000 68.09 1.33 0.5 1.02 74347.0 53.8 34.0 50.0 0 98952
15/07/2019,15:01:44 0C100000 68.09 1.33 0.5 1.02 74347.0 53.8 34.0 50.0 0 98952
15/07/2019,15:06:43 0C100000 68.09 1.33 0.5 1.02 74347.0 53.8 34.0 50.0 0 98952
15/07/2019,15:11:42 0C100000 68.09 1.33 0.5 1.02 74347.0 53.8 34.0 50.0 0 98952
15/07/2019,15:16:41 0C100000 68.09 1.33 0.5 1.02 74347.0 53.8 34.0 50.0 0 98952
15/07/2019,15:21:40 0C100000 68.09 1.33 0.5 1.02 74347.0 53.8 34.0 50.0 0 98952
15/07/2019,15:26:39 0C100000 68.09 1.33 0.5 1.02 74347.0 53.8 34.0 50.0 0 98952
15/07/2019,15:31:38 0C100000 68.09 1.33 0.5 1.02 74347.0 53.8 34.0 50.0 0 98952
15/07/2019,15:36:37 0C100000 68.09 1.32 0.5 1.02 74401.0 53.8 34.2 50.0 0 98935
15/07/2019,15:41:36 0C100000 68.09 1.32 0.5 1.02 74401.0 53.8 34.2 50.0 0 98935
15/07/2019,15:46:35 0C100000 68.09 1.32 0.5 1.02 74401.0 53.8 34.2 50.0 0 98935
15/07/2019,15:51:34 0C100000 68.09 1.32 0.5 1.02 74401.0 53.8 34.2 50.0 0 98935
15/07/2019,15:56:33 0C100000 68.09 1.32 0.5 1.02 74401.0 53.8 34.2 50.0 0 98935
15/07/2019,16:01:32 0C100000 68.09 1.32 0.5 1.02 74401.0 53.8 34.2 50.0 0 98935
15/07/2019,16:06:31 0C100000 68.09 1.32 0.5 1.02 74401.0 53.8 34.2 50.0 0 98935
15/07/2019,16:11:30 0C100000 68.09 1.32 0.5 1.02 74401.0 53.8 34.2 50.0 0 98935
15/07/2019,16:16:29 0C100000 68.09 1.32 0.5 1.02 74401.0 53.8 34.2 50.0 0 98935
15/07/2019,16:21:28 0C100000 68.09 1.32 0.5 1.02 74401.0 53.8 34.2 50.0 0 98935
15/07/2019,16:26:27 0C100000 68.09 1.32 0.5 1.02 74401.0 53.8 34.2 50.0 0 98935
15/07/2019,16:31:26 0C100000 68.09 1.32 0.5 1.02 74401.0 53.8 34.2 50.0 0 98935
15/07/2019,16:36:25 0C100000 68.09 1.33 0.5 1.02 74291.0 53.8 34.4 50.0 0 98889
15/07/2019,16:41:24 0C310000 68.09 1.33 0.5 1.02 74291.0 53.8 34.4 50.0 0 98889
15/07/2019,16:46:23 0C310000 68.09 1.33 0.5 1.02 74291.0 53.8 34.4 50.0 0 98889
15/07/2019,16:51:22 0C310000 68.09 1.33 0.5 1.02 74291.0 53.8 34.4 50.0 0 98889
15/07/2019,16:56:21 0C700000 68.09 1.33 0.5 1.02 74291.0 53.8 34.4 50.0 0 98889
15/07/2019,17:01:20 0C100000 68.09 1.33 0.5 1.02 74291.0 53.8 34.4 50.0 0 98889
15/07/2019,17:06:19 0C100000 68.09 1.33 0.5 1.02 74291.0 53.8 34.4 50.0 0 98889
15/07/2019,17:11:18 0C100000 68.09 1.33 0.5 1.02 74291.0 53.8 34.4 50.0 0 98889
15/07/2019,17:16:17 0C100000 68.09 1.33 0.5 1.02 74291.0 53.8 34.4 50.0 0 98889
15/07/2019,17:21:16 0C100000 68.09 1.33 0.5 1.02 74291.0 53.8 34.4 50.0 0 98889
15/07/2019,17:26:15 0C100000 68.09 1.33 0.5 1.02 74291.0 53.8 34.4 50.0 0 98889
15/07/2019,17:31:14 0C100000 68.09 1.33 0.5 1.02 74291.0 53.8 34.4 50.0 0 98889
15/07/2019,17:36:13 0C100000 68.09 1.33 0.5 1.02 74291.0 53.8 34.4 50.0 0 98889
15/07/2019,17:41:12 0C100000 68.02 1.35 0.5 1.02 74229.0 53.8 34.9 50.0 0 98829
15/07/2019,17:46:11 0C100000 68.02 1.35 0.5 1.02 74229.0 53.8 34.9 50.0 0 98829
15/07/2019,17:51:10 0C100000 68.02 1.35 0.5 1.02 74229.0 53.8 34.9 50.0 0 98829
15/07/2019,17:56:09 0C100000 68.02 1.35 0.5 1.02 74229.0 53.8 34.9 50.0 0 98829
15/07/2019,18:01:08 0C100000 68.02 1.35 0.5 1.02 74229.0 53.8 34.9 50.0 0 98829
15/07/2019,18:06:07 0C100000 68.02 1.35 0.5 1.02 74229.0 53.8 34.9 50.0 0 98829
15/07/2019,18:11:06 0C100000 68.02 1.35 0.5 1.02 74229.0 53.8 34.9 50.0 0 98829
15/07/2019,18:16:05 0C100000 68.02 1.35 0.5 1.02 74229.0 53.8 34.9 50.0 0 98829
15/07/2019,18:21:04 0C100000 68.02 1.35 0.5 1.02 74229.0 53.8 34.9 50.0 0 98829
15/07/2019,18:26:03 0C100000 68.02 1.35 0.5 1.02 74229.0 53.8 34.9 50.0 0 98829
15/07/2019,18:31:02 0C100000 68.02 1.35 0.5 1.02 74229.0 53.8 34.9 50.0 0 98829
15/07/2019,18:36:01 0C100000 68.02 1.35 0.5 1.02 74229.0 53.8 34.9 50.0 0 98829
15/07/2019,18:41:00 0C100000 68.57 1.36 0.5 1.02 74397.0 53.8 34.8 50.0 0 98858
15/07/2019,18:45:59 0C100000 68.57 1.36 0.5 1.02 74397.0 53.8 34.8 50.0 0 98858
15/07/2019,18:50:58 0C100000 68.57 1.36 0.5 1.02 74397.0 53.8 34.8 50.0 0 98858
15/07/2019,18:55:57 0C100000 68.57 1.36 0.5 1.02 74397.0 53.8 34.8 50.0 0 98858
15/07/2019,19:00:56 0C100000 68.57 1.36 0.5 1.02 74397.0 53.8 34.8 50.0 0 98858
15/07/2019,19:05:55 0C100000 68.57 1.36 0.5 1.02 74397.0 53.8 34.8 50.0 0 98858
15/07/2019,19:10:54 0C100000 68.57 1.36 0.5 1.02 74397.0 53.8 34.8 50.0 0 98858
15/07/2019,19:15:53 0C100000 68.57 1.36 0.5 1.02 74397.0 53.8 34.8 50.0 0 98858
15/07/2019,19:20:52 0C100000 68.57 1.36 0.5 1.02 74397.0 53.8 34.8 50.0 0 98858
15/07/2019,19:25:51 0C100000 68.57 1.36 0.5 1.02 74397.0 53.8 34.8 50.0 0 98858
15/07/2019,19:30:50 0C100000 68.57 1.36 0.5 1.02 74397.0 53.8 34.8 50.0 0 98858
15/07/2019,19:35:49 0C100000 68.57 1.36 0.5 1.02 74397.0 53.8 34.8 50.0 0 98858
15/07/2019,19:40:48 0C100000 68.02 1.33 0.5 1.02 74524.0 53.8 34.7 50.0 0 98904
15/07/2019,19:45:47 0C100000 68.02 1.33 0.5 1.02 74524.0 53.8 34.7 50.0 0 98904
15/07/2019,19:50:46 0C100000 68.02 1.33 0.5 1.02 74524.0 53.8 34.7 50.0 0 98904
15/07/2019,19:55:45 0C100000 68.02 1.33 0.5 1.02 74524.0 53.8 34.7 50.0 0 98904
15/07/2019,20:00:44 0C100000 68.02 1.33 0.5 1.02 74524.0 53.8 34.7 50.0 0 98904
15/07/2019,20:05:43 0C100000 68.02 1.33 0.5 1.02 74524.0 53.8 34.7 50.0 0 98904
15/07/2019,20:10:42 0C100000 68.02 1.33 0.5 1.02 74524.0 53.8 34.7 50.0 0 98904
15/07/2019,20:15:41 0C100000 68.02 1.33 0.5 1.02 74524.0 53.8 34.7 50.0 0 98904
15/07/2019,20:20:40 0C100000 68.02 1.33 0.5 1.02 74524.0 53.8 34.7 50.0 0 98904
15/07/2019,20:25:39 0C100000 68.02 1.33 0.5 1.02 74524.0 53.8 34.7 50.0 0 98904
15/07/2019,20:30:38 0C100000 68.02 1.33 0.5 1.02 74524.0 53.8 34.7 50.0 0 98904
15/07/2019,20:35:37 0C100000 68.02 1.33 0.5 1.02 74524.0 53.8 34.7 50.0 0 98904
15/07/2019,20:40:36 0C100000 68.29 1.35 0.5 1.02 74579.0 53.8 34.4 50.0 0 98935
15/07/2019,20:45:35 0C100000 68.29 1.35 0.5 1.02 74579.0 53.8 34.4 50.0 0 98935
15/07/2019,20:50:34 0C100000 68.29 1.35 0.5 1.02 74579.0 53.8 34.4 50.0 0 98935
15/07/2019,20:55:33 0C100000 68.29 1.35 0.5 1.02 74579.0 53.8 34.4 50.0 0 98935
15/07/2019,21:00:32 0C100000 68.29 1.35 0.5 1.02 74579.0 53.8 34.4 50.0 0 98935
15/07/2019,21:05:31 0C100000 68.29 1.35 0.5 1.02 74579.0 53.8 34.4 50.0 0 98935
15/07/2019,21:10:30 0C100000 68.29 1.35 0.5 1.02 74579.0 53.8 34.4 50.0 0 98935
15/07/2019,21:15:29 0C100000 68.29 1.35 0.5 1.02 74579.0 53.8 34.4 50.0 0 98935
15/07/2019,21:20:28 0C100000 68.29 1.35 0.5 1.02 74579.0 53.8 34.4 50.0 0 98935
15/07/2019,21:25:27 0C100000 68.29 1.35 0.5 1.02 74579.0 53.8 34.4 50.0 0 98935
15/07/2019,21:30:26 0C100000 68.29 1.35 0.5 1.02 74579.0 53.8 34.4 50.0 0 98935
15/07/2019,21:35:25 0C100000 68.29 1.35 0.5 1.02 74579.0 53.8 34.4 50.0 0 98935
15/07/2019,21:40:24 0C100000 68.57 1.34 0.5 1.02 74647.0 53.8 34.2 50.0 0 98969
15/07/2019,21:45:23 0C100000 68.57 1.34 0.5 1.02 74647.0 53.8 34.2 50.0 0 98969
15/07/2019,21:50:22 0C100000 68.57 1.34 0.5 1.02 74647.0 53.8 34.2 50.0 0 98969
15/07/2019,21:55:21 0C100000 68.57 1.34 0.5 1.02 74647.0 53.8 34.2 50.0 0 98969
15/07/2019,22:00:20 0C100000 68.57 1.34 0.5 1.02 74647.0 53.8 34.2 50.0 0 98969
15/07/2019,22:05:19 0C100000 68.57 1.34 0.5 1.02 74647.0 53.8 34.2 50.0 0 98969
15/07/2019,22:10:18 0C100000 68.57 1.34 0.5 1.02 74647.0 53.8 34.2 50.0 0 98969
15/07/2019,22:15:17 0C100000 68.57 1.34 0.5 1.02 74647.0 53.8 34.2 50.0 0 98969
15/07/2019,22:20:16 0C100000 68.57 1.34 0.5 1.02 74647.0 53.8 34.2 50.0 0 98969
15/07/2019,22:25:15 0C100000 68.57 1.34 0.5 1.02 74647.0 53.8 34.2 50.0 0 98969
15/07/2019,22:30:14 0C100000 68.57 1.34 0.5 1.02 74647.0 53.8 34.2 50.0 0 98969
15/07/2019,22:35:13 0C100000 68.57 1.34 0.5 1.02 74647.0 53.8 34.2 50.0 0 98969
15/07/2019,22:40:12 0C100000 68.22 1.32 0.5 1.02 74718.0 53.9 34.0 50.0 0 99016
15/07/2019,22:45:11 0C100000 68.22 1.32 0.5 1.02 74718.0 53.9 34.0 50.0 0 99016
15/07/2019,22:50:10 0C100000 68.22 1.32 0.5 1.02 74718.0 53.9 34.0 50.0 0 99016
15/07/2019,22:55:09 0C100000 68.22 1.32 0.5 1.02 74718.0 53.9 34.0 50.0 0 99016
15/07/2019,23:00:08 0C100000 68.22 1.32 0.5 1.02 74718.0 53.9 34.0 50.0 0 99016
15/07/2019,23:05:07 0C100000 68.22 1.32 0.5 1.02 74718.0 53.9 34.0 50.0 0 99016
15/07/2019,23:10:06 0C100000 68.22 1.32 0.5 1.02 74718.0 53.9 34.0 50.0 0 99016
15/07/2019,23:15:05 0C100000 68.22 1.32 0.5 1.02 74718.0 53.9 34.0 50.0 0 99016
15/07/2019,23:20:04 0C100000 68.22 1.32 0.5 1.02 74718.0 53.9 34.0 50.0 0 99016
15/07/2019,23:25:03 0C100000 68.22 1.32 0.5 1.02 74718.0 53.9 34.0 50.0 0 99016
15/07/2019,23:30:02 0C100000 68.22 1.32 0.5 1.02 74718.0 53.9 34.0 50.0 0 99016
15/07/2019,23:35:01 0C100000 68.22 1.32 0.5 1.02 74718.0 53.9 34.0 50.0 0 99016
15/07/2019,23:40:00 0C100000 68.43 1.37 0.5 1.02 74830.0 53.8 33.9 50.0 0 99039
15/07/2019,23:44:59 0C100000 68.43 1.37 0.5 1.02 74830.0 53.8 33.9 50.0 0 99039
15/07/2019,23:49:58 0C100000 68.43 1.37 0.5 1.02 74830.0 53.8 33.9 50.0 0 99039
15/07/2019,23:54:57 0C100000 68.43 1.37 0.5 1.02 74830.0 53.8 33.9 50.0 0 99039
15/07/2019,23:59:56 0C100000 68.43 1.37 0.5 1.02 74830.0 53.8 33.9 50.0 0 99039
