20t_Date,8s_flag,6.4f_ratio,6.0f_agci,5.1f_intT,5.2f_flow,5d_bkg,5.2f_coef,6.1f_biasvoltage
15/07/2019,00:02:31 90040104 1.1235 198273 26.2 0.58 1966 0.68 -113.7
15/07/2019,00:12:30 90040104 1.1235 198248 26.2 0.60 1966 0.68 -113.7
15/07/2019,00:22:29 90040104 1.1235 198271 26.1 0.61 1974 0.68 -113.7
15/07/2019,00:32:28 90040104 1.1235 198306 26.1 0.63 1974 0.68 -113.7
15/07/2019,00:42:27 90040104 1.1235 198350 26.0 0.65 1977 0.68 -113.7
15/07/2019,00:52:26 90040104 1.1235 198294 26.0 0.69 1977 0.68 -113.7
15/07/2019,01:02:25 90040104 1.1235 198283 26.0 0.72 1982 0.68 -113.7
15/07/2019,01:12:24 90040104 1.1235 198350 25.9 0.69 1982 0.68 -113.7
15/07/2019,01:22:23 90050104 1.1237 198311 25.8 0.67 1989 0.68 -113.7
15/07/2019,01:32:22 90040104 1.1235 198354 25.8 0.68 1989 0.68 -113.7
15/07/2019,01:42:21 90040104 1.1234 198327 25.4 0.66 1989 0.68 -113.7
15/07/2019,01:52:20 90040104 1.1234 198382 25.2 0.64 1997 0.68 -113.7
15/07/2019,02:02:19 90040104 1.1234 198401 25.0 0.65 1997 0.68 -113.7
15/07/2019,02:12:18 90040104 1.1234 198448 24.9 0.66 2018 0.68 -113.6
15/07/2019,02:22:17 90040104 1.1233 198341 25.0 0.64 2018 0.68 -113.7
15/07/2019,02:32:16 90050104 1.1237 198388 25.0 0.62 2027 0.68 -113.7
15/07/2019,02:42:15 90040104 1.1233 198367 25.0 0.64 2027 0.68 -113.7
15/07/2019,02:52:14 90040104 1.1233 198414 24.9 0.62 2027 0.68 -113.6
15/07/2019,03:02:13 90040104 1.1233 198461 24.7 0.65 2035 0.68 -113.6
15/07/2019,03:12:12 90040104 1.1233 198385 24.6 0.66 2035 0.68 -113.6
15/07/2019,03:22:11 90040104 1.1233 198436 24.7 0.71 2046 0.68 -113.6
15/07/2019,03:32:10 90040104 1.1233 198459 24.6 0.71 2046 0.68 -113.6
15/07/2019,03:42:09 90040104 1.1234 198514 24.5 0.76 2050 0.68 -113.6
15/07/2019,03:52:08 90040104 1.1232 198462 24.3 0.86 2050 0.68 -113.6
15/07/2019,04:02:07 90040104 1.1232 198522 24.2 0.89 2050 0.68 -113.6
15/07/2019,04:12:06 90040104 1.1232 198484 24.4 0.91 2064 0.68 -113.6
15/07/2019,04:22:05 90040104 1.1232 198486 24.1 0.89 2064 0.68 -113.6
15/07/2019,04:32:04 90040104 1.1232 198453 24.0 0.89 2073 0.68 -113.6
15/07/2019,04:42:03 90040104 1.1232 198513 23.9 0.90 2073 0.68 -113.6
15/07/2019,04:52:02 90040104 1.1232 198480 24.1 0.91 2088 0.68 -113.6
15/07/2019,05:02:01 90040104 1.1232 198518 23.9 0.90 2088 0.68 -113.6
15/07/2019,05:12:00 90050104 1.1234 198512 24.0 0.90 2088 0.68 -113.6
15/07/2019,05:21:59 90040104 1.1231 198486 24.2 0.91 2088 0.68 -113.6
15/07/2019,05:31:58 90040104 1.1232 198458 24.3 0.91 2088 0.68 -113.6
15/07/2019,05:41:57 90040104 1.1232 198433 24.5 0.88 2081 0.68 -113.6
15/07/2019,05:51:56 90040104 1.1232 198446 24.6 0.79 2081 0.68 -113.6
15/07/2019,06:01:55 90040104 1.1232 198442 24.6 0.81 2070 0.68 -113.6
15/07/2019,06:11:54 90040104 1.1232 198413 24.5 0.70 2070 0.68 -113.6
15/07/2019,06:21:53 90050104 1.1234 198470 24.2 0.67 2066 0.68 -113.6
15/07/2019,06:31:52 90040104 1.1232 198486 24.2 0.68 2066 0.68 -113.6
15/07/2019,06:41:51 90040104 1.1232 198473 24.2 0.69 2066 0.68 -113.6
15/07/2019,06:51:50 90040104 1.1232 198488 24.2 0.72 2069 0.68 -113.6
15/07/2019,07:01:49 90040104 1.1232 198498 24.3 0.79 2069 0.68 -113.6
15/07/2019,07:11:48 90040104 1.1232 198394 24.3 0.76 2068 0.68 -113.6
15/07/2019,07:21:47 90040104 1.1232 198506 24.2 0.76 2068 0.68 -113.6
15/07/2019,07:31:46 90050104 1.1236 198476 24.2 0.77 2064 0.68 -113.6
15/07/2019,07:41:45 90040104 1.1232 198480 24.2 0.77 2064 0.68 -113.6
15/07/2019,07:51:44 90040104 1.1232 198452 24.2 0.82 2064 0.68 -113.6
15/07/2019,08:01:43 90040104 1.1232 198433 24.2 0.82 2066 0.68 -113.6
15/07/2019,08:11:42 90040104 1.1232 198493 24.3 0.82 2066 0.68 -113.6
15/07/2019,08:21:41 90040104 1.1232 198427 24.3 0.83 2068 0.68 -113.6
15/07/2019,08:31:40 90040104 1.1232 198503 24.4 0.83 2068 0.68 -113.6
15/07/2019,08:41:39 90040104 1.1233 198420 24.6 0.88 2063 0.68 -113.6
15/07/2019,08:51:38 90040104 1.1232 198405 24.7 0.88 2063 0.68 -113.6
15/07/2019,09:01:37 90040104 1.1232 198421 24.9 0.92 2063 0.68 -113.6
15/07/2019,09:11:36 90040104 1.1232 198436 24.8 0.93 2060 0.68 -113.6
15/07/2019,09:21:35 90040104 1.1233 198461 24.9 0.92 2060 0.68 -113.6
15/07/2019,09:31:34 90040104 1.1233 198437 25.0 0.91 2057 0.68 -113.6
15/07/2019,09:41:33 90040104 1.1233 198420 25.1 0.90 2057 0.68 -113.6
15/07/2019,09:51:32 90040104 1.1233 198356 25.2 0.90 2047 0.68 -113.7
15/07/2019,10:01:31 90040104 1.1233 198391 25.1 0.82 2047 0.68 -113.7
15/07/2019,10:11:30 90050104 1.1236 198409 25.0 0.80 2041 0.68 -113.6
15/07/2019,10:21:29 90040104 1.1233 198368 25.1 0.88 2041 0.68 -113.7
15/07/2019,10:31:28 90040104 1.1233 198363 25.1 0.91 2041 0.68 -113.7
15/07/2019,10:41:27 90040104 1.1233 198355 25.1 0.89 2036 0.68 -113.7
15/07/2019,10:51:26 90040104 1.1233 198423 25.1 0.84 2036 0.68 -113.6
15/07/2019,11:01:25 90040104 1.1233 198385 25.2 0.84 2036 0.68 -113.6
15/07/2019,11:11:24 90040104 1.1233 198380 25.2 0.91 2036 0.68 -113.6
15/07/2019,11:21:23 90050104 1.1236 198393 25.2 0.94 2036 0.68 -113.6
15/07/2019,11:31:22 90040104 1.1233 198404 25.2 0.91 2036 0.68 -113.7
15/07/2019,11:41:21 90040104 1.1233 198417 25.2 0.91 2036 0.68 -113.7
15/07/2019,11:51:20 90040104 1.1233 198365 25.3 0.95 2036 0.68 -113.7
15/07/2019,12:01:19 90040104 1.1233 198366 25.3 0.95 2036 0.68 -113.7
15/07/2019,12:11:18 90040104 1.1233 198350 25.4 0.97 2030 0.68 -113.7
15/07/2019,12:21:17 90040104 1.1233 198331 25.4 0.97 2030 0.68 -113.7
15/07/2019,12:31:16 90040104 1.1234 198348 25.4 0.96 2024 0.68 -113.7
15/07/2019,12:41:15 90040104 1.1234 198335 25.6 0.93 2024 0.68 -113.7
15/07/2019,12:51:14 90040104 1.1234 198298 25.6 0.94 2024 0.68 -113.7
15/07/2019,13:01:13 90040104 1.1234 198319 25.6 0.96 2018 0.68 -113.7
15/07/2019,13:11:12 90040104 1.1234 198286 25.7 0.97 2018 0.68 -113.7
15/07/2019,13:21:11 90040104 1.1234 198322 25.8 0.97 2010 0.68 -113.7
15/07/2019,13:31:10 90040104 1.1234 198319 25.8 0.97 2010 0.68 -113.7
15/07/2019,13:41:09 90040104 1.1235 198337 25.9 0.92 2006 0.68 -113.7
15/07/2019,13:51:08 90040104 1.1235 198290 25.9 0.83 2006 0.68 -113.7
15/07/2019,14:01:07 90050104 1.1237 198289 25.9 0.93 2006 0.68 -113.7
15/07/2019,14:11:06 90040104 1.1235 198281 26.0 0.82 2001 0.68 -113.7
15/07/2019,14:21:05 90040104 1.1234 198277 26.0 0.94 2001 0.68 -113.7
15/07/2019,14:31:04 90040104 1.1235 198306 26.1 0.97 1995 0.68 -113.7
15/07/2019,14:41:03 90040104 1.1234 198288 26.1 0.98 1995 0.68 -113.7
15/07/2019,14:51:02 90040104 1.1235 198281 26.2 0.98 1987 0.68 -113.7
15/07/2019,15:01:01 90040104 1.1235 198233 26.2 0.97 1987 0.68 -113.7
15/07/2019,15:11:00 90050104 1.1238 198254 26.3 0.98 1981 0.68 -113.7
15/07/2019,15:20:59 90040104 1.1235 198261 26.4 0.98 1981 0.68 -113.7
15/07/2019,15:30:58 90040104 1.1235 198277 26.4 0.98 1981 0.68 -113.7
15/07/2019,15:40:57 90040104 1.1235 198209 26.4 0.89 1974 0.68 -113.7
15/07/2019,15:50:56 90040104 1.1235 198210 26.4 0.85 1974 0.68 -113.7
15/07/2019,16:00:55 90040104 1.1235 198203 26.5 0.84 1971 0.68 -113.7
15/07/2019,16:10:54 90040104 1.1235 198208 26.6 0.92 1971 0.68 -113.7
15/07/2019,16:20:53 90050104 1.1239 198187 26.6 0.94 1963 0.68 -113.7
15/07/2019,16:30:52 90040104 1.1235 198223 26.6 0.94 1963 0.68 -113.7
15/07/2019,16:40:51 90040104 1.1236 198170 26.7 0.94 1963 0.68 -113.7
15/07/2019,16:50:50 90040104 1.1236 198236 26.8 0.93 1956 0.68 -113.7
15/07/2019,17:00:49 90040104 1.1236 198200 26.8 0.91 1956 0.68 -113.7
15/07/2019,17:10:48 90040104 1.1236 198167 26.9 0.92 1948 0.68 -113.7
15/07/2019,17:20:47 90040104 1.1236 198222 27.0 0.94 1948 0.68 -113.7
15/07/2019,17:30:46 90040104 1.1236 198171 27.0 0.91 1942 0.68 -113.7
15/07/2019,17:40:45 90040104 1.1236 198170 27.0 0.90 1942 0.68 -113.7
15/07/2019,17:50:44 90040104 1.1236 198137 27.0 0.90 1942 0.68 -113.7
15/07/2019,18:00:43 90040104 1.1236 198151 27.0 0.80 1937 0.68 -113.7
15/07/2019,18:10:42 90040104 1.1237 198177 27.0 0.67 1937 0.68 -113.7
15/07/2019,18:20:41 90040104 1.1236 198195 27.0 0.65 1933 0.68 -113.7
15/07/2019,18:30:40 90040104 1.1236 198152 27.1 0.65 1933 0.68 -113.7
15/07/2019,18:40:39 90040104 1.1237 198167 27.1 0.64 1930 0.68 -113.7
15/07/2019,18:50:38 90040104 1.1237 198179 27.1 0.61 1930 0.68 -113.7
15/07/2019,19:00:37 90050104 1.1238 198183 27.0 0.61 1930 0.68 -113.7
15/07/2019,19:10:36 90040104 1.1237 198098 27.0 0.71 1930 0.68 -113.7
15/07/2019,19:20:35 90040104 1.1237 198182 27.0 0.69 1930 0.68 -113.7
15/07/2019,19:30:34 90040104 1.1237 198125 26.9 0.63 1928 0.68 -113.7
15/07/2019,19:40:33 90040104 1.1236 198182 26.8 0.61 1928 0.68 -113.7
15/07/2019,19:50:32 90040104 1.1236 198235 26.8 0.60 1934 0.68 -113.7
15/07/2019,20:00:31 90040104 1.1236 198189 26.7 0.59 1934 0.68 -113.7
15/07/2019,20:10:30 90050104 1.1240 198175 26.6 0.58 1940 0.68 -113.7
15/07/2019,20:20:29 90040104 1.1236 198238 26.5 0.58 1940 0.68 -113.7
15/07/2019,20:30:28 90040104 1.1236 198230 26.5 0.57 1940 0.68 -113.7
15/07/2019,20:40:27 90040104 1.1236 198199 26.5 0.59 1953 0.68 -113.7
15/07/2019,20:50:26 90040104 1.1236 198243 26.4 0.59 1953 0.68 -113.7
15/07/2019,21:00:25 90040104 1.1236 198237 26.3 0.59 1956 0.68 -113.7
15/07/2019,21:10:24 90040104 1.1236 198267 26.2 0.59 1956 0.68 -113.7
15/07/2019,21:20:23 90040104 1.1237 198291 26.2 0.58 1968 0.68 -113.7
15/07/2019,21:30:22 90040104 1.1235 198292 26.2 0.57 1968 0.68 -113.7
15/07/2019,21:40:21 90040104 1.1236 198288 26.1 0.57 1968 0.68 -113.7
15/07/2019,21:50:20 90040104 1.1235 198259 26.1 0.55 1972 0.68 -113.7
15/07/2019,22:00:19 90040104 1.1235 198271 26.1 0.55 1972 0.68 -113.7
15/07/2019,22:10:18 90040104 1.1235 198273 26.1 0.54 1974 0.68 -113.7
15/07/2019,22:20:17 90040104 1.1235 198235 26.2 0.53 1974 0.68 -113.7
15/07/2019,22:30:16 90040104 1.1236 198231 26.3 0.52 1969 0.68 -113.7
15/07/2019,22:40:15 90040104 1.1236 198230 26.1 0.53 1969 0.68 -113.7
15/07/2019,22:50:14 90050104 1.1237 198283 26.0 0.52 1969 0.68 -113.7
15/07/2019,23:00:13 90040104 1.1235 198237 26.1 0.52 1979 0.68 -113.7
15/07/2019,23:10:12 90040104 1.1235 198234 26.0 0.51 1979 0.68 -113.7
15/07/2019,23:20:11 90040104 1.1235 198228 26.0 0.51 1982 0.68 -113.7
15/07/2019,23:30:10 90040104 1.1235 198318 26.0 0.51 1982 0.68 -113.7
15/07/2019,23:40:09 90040104 1.1235 198359 25.8 0.50 1992 0.68 -113.7
15/07/2019,23:50:08 90040104 1.1235 198269 25.8 0.50 1992 0.68 -113.7
